v -0.241667 -0.3625 -0.725
v -0.241667 -0.725 -0.725
v -0.725 -0.725 -0.725
vt 0.315192 0.285393
vt 0.417436 0.285393
vt 0.417436 0.423795
vn 0 0 -1
vn 0 0 -1
vn 0 0 -1
vtan -2.91973e-007 -1 -4.19526e-015
vbi 1 -2.43605e-007 3.40193e-008
vtan -4.22125e-007 -1 0
vbi 1 -3.42641e-007 0
vtan -4.45516e-007 -1 0
vbi 1 -2.80273e-007 0
f 1/1/1/1/1 2/2/2/2/2 3/3/3/3/3
v -0.241667 -0.3625 -0.725
v -0.725 -0.725 -0.725
v -0.725 -0.3625 -0.725
vt 0.315192 0.285393
vt 0.417436 0.423795
vt 0.315193 0.423795
vn 0 0 -1
vn 0 0 -1
vn 0 0 -1
vtan -2.91973e-007 -1 -4.19526e-015
vbi 1 -2.43605e-007 3.40193e-008
vtan -4.45516e-007 -1 0
vbi 1 -2.80273e-007 0
vtan -2.47509e-007 -1 8.42008e-015
vbi 1 -2.12073e-007 5.66989e-008
f 4/4/4/4/4 5/5/5/5/5 6/6/6/6/6
v -0.118473 -0.177709 0.231788
v -0.355418 -0.177709 0.231788
v -0.355418 -0.355418 0.231788
vt 0.790702 0.144288
vt 0.790702 0.212137
vt 0.740579 0.212137
vn 3.69119e-008 0 1
vn 3.69119e-008 0 1
vn 3.69119e-008 0 1
vtan 3.17358e-007 1 -7.05552e-015
vbi 1 1.94113e-008 -2.20877e-008
vtan 1.9954e-007 1 -8.93772e-015
vbi 1 -4.24177e-007 -4.23402e-008
vtan 3.35406e-007 1 -1.23805e-014
vbi 1 3.92089e-007 -3.69119e-008
f 7/7/7/7/7 8/8/8/8/8 9/9/9/9/9
v -0.118473 -0.177709 0.231788
v -0.355418 -0.355418 0.231788
v -0.118473 -0.355418 0.231788
vt 0.790702 0.144288
vt 0.740579 0.212137
vt 0.740579 0.144288
vn 3.69119e-008 0 1
vn 3.69119e-008 0 1
vn 3.69119e-008 0 1
vtan 3.17358e-007 1 -7.05552e-015
vbi 1 1.94113e-008 -2.20877e-008
vtan 3.35406e-007 1 -1.23805e-014
vbi 1 3.92089e-007 -3.69119e-008
vtan 3.14552e-007 1 -4.73675e-015
vbi 1 1.56836e-007 -1.17181e-008
f 10/10/10/10/10 11/11/11/11/11 12/12/12/12/12
v 0.725 -0.3625 -0.725
v 0.355418 -0.177709 0.231788
v 0.355417 -0.355418 0.231788
vt 0.723656 0.112392
vt 0.434359 0.165306
vt 0.434359 0.11442
vn 0.932826 0 0.360326
vn 0.932826 0 0.360326
vn 0.932826 0 0.360326
vtan 0.360326 3.59011e-007 -0.932826
vbi -6.6898e-008 -1 -2.58409e-008
vtan 0.360326 3.59125e-007 -0.932826
vbi 2.5368e-008 -1 -2.64703e-007
vtan 0.360326 3.72315e-007 -0.932826
vbi 0 -1 0
f 13/13/13/13/13 14/14/14/14/14 15/15/15/15/15
v 0.725 -0.3625 -0.725
v 0.355417 -0.355418 0.231788
v 0.725 -0.725 -0.725
vt 0.723656 0.112392
vt 0.434359 0.11442
vt 0.723656 0.00859044
vn 0.932826 0 0.360326
vn 0.932826 0 0.360326
vn 0.932826 0 0.360326
vtan 0.360326 3.59011e-007 -0.932826
vbi -6.6898e-008 -1 -2.58409e-008
vtan 0.360326 3.72315e-007 -0.932826
vbi 0 -1 0
vtan 0.360326 3.72315e-007 -0.932826
vbi 0 -1 0
f 16/16/16/16/16 17/17/17/17/17 18/18/18/18/18
v -0.241667 -0.725 -0.725
v -0.118473 -0.355418 0.231788
v -0.355418 -0.355418 0.231788
vt 0.602771 0.579377
vt 0.314681 0.614653
vt 0.314681 0.546805
vn -1.6136e-007 -0.932826 0.360326
vn -1.6136e-007 -0.932826 0.360326
vn -1.6136e-007 -0.932826 0.360326
vtan -2.62424e-008 -0.360326 -0.932826
vbi -1 2.21135e-007 8.73507e-008
vtan -2.65911e-008 -0.360326 -0.932826
vbi -1 4.61772e-008 -3.65588e-007
vtan -2.62425e-008 -0.360326 -0.932826
vbi -1 3.08724e-007 3.51421e-007
f 19/19/19/19/19 20/20/20/20/20 21/21/21/21/21
v -0.241667 -0.725 -0.725
v -0.355418 -0.355418 0.231788
v -0.725 -0.725 -0.725
vt 0.602771 0.579377
vt 0.314681 0.546805
vt 0.602771 0.440976
vn -1.6136e-007 -0.932826 0.360326
vn -1.6136e-007 -0.932826 0.360326
vn -1.6136e-007 -0.932826 0.360326
vtan -2.62424e-008 -0.360326 -0.932826
vbi -1 2.21135e-007 8.73507e-008
vtan -2.62425e-008 -0.360326 -0.932826
vbi -1 3.08724e-007 3.51421e-007
vtan -2.62425e-008 -0.360326 -0.932826
vbi -1 3.08724e-007 3.51421e-007
f 22/22/22/22/22 23/23/23/23/23 24/24/24/24/24
v -0.725 0.3625 -0.725
v -0.355418 0.177709 0.231788
v -0.355418 0.355418 0.231788
vt 0.00846156 0.752379
vt 0.297758 0.699464
vt 0.297758 0.750351
vn -0.932826 2.15146e-007 0.360326
vn -0.932826 2.15146e-007 0.360326
vn -0.932826 2.15146e-007 0.360326
vtan 0.360326 -1.5381e-007 0.932826
vbi -2.95353e-007 -1 -1.67535e-007
vtan 0.360326 -1.53575e-007 0.932826
vbi -2.40047e-007 -1 -2.43561e-008
vtan 0.360326 -1.7823e-007 0.932826
vbi -3.0247e-007 -1 -1.85958e-007
f 25/25/25/25/25 26/26/26/26/26 27/27/27/27/27
v -0.725 0.3625 -0.725
v -0.355418 0.355418 0.231788
v -0.724999 0.725 -0.725
vt 0.00846156 0.752379
vt 0.297758 0.750351
vt 0.00846155 0.85618
vn -0.932826 2.15146e-007 0.360326
vn -0.932826 2.15146e-007 0.360326
vn -0.932826 2.15146e-007 0.360326
vtan 0.360326 -1.5381e-007 0.932826
vbi -2.95353e-007 -1 -1.67535e-007
vtan 0.360326 -1.7823e-007 0.932826
vbi -3.0247e-007 -1 -1.85958e-007
vtan 0.360326 -1.7823e-007 0.932826
vbi -3.0247e-007 -1 -1.85958e-007
f 28/28/28/28/28 29/29/29/29/29 30/30/30/30/30
v -0.118473 0.355418 0.231788
v -0.241666 0.725 -0.725
v -0.724999 0.725 -0.725
vt 0.907785 0.614653
vt 0.619695 0.579377
vt 0.619695 0.440976
vn 2.42039e-007 0.932826 0.360326
vn 2.42039e-007 0.932826 0.360326
vn 2.42039e-007 0.932826 0.360326
vtan -1.78436e-008 -0.360326 0.932826
vbi -1 2.33355e-007 -7.03017e-009
vtan -1.32258e-007 -0.360326 0.932826
vbi -1 2.34738e-007 -1.06117e-008
vtan 5.35307e-008 -0.360326 0.932826
vbi -1 2.58441e-007 2.66019e-009
f 31/31/31/31/31 32/32/32/32/32 33/33/33/33/33
v -0.118473 0.355418 0.231788
v -0.724999 0.725 -0.725
v -0.355418 0.355418 0.231788
vt 0.907785 0.614653
vt 0.619695 0.440976
vt 0.907785 0.546805
vn 2.42039e-007 0.932826 0.360326
vn 2.42039e-007 0.932826 0.360326
vn 2.42039e-007 0.932826 0.360326
vtan -1.78436e-008 -0.360326 0.932826
vbi -1 2.33355e-007 -7.03017e-009
vtan 5.35307e-008 -0.360326 0.932826
vbi -1 2.58441e-007 2.66019e-009
vtan 5.35307e-008 -0.360326 0.932826
vbi -1 2.58441e-007 2.66019e-009
f 34/34/34/34/34 35/35/35/35/35 36/36/36/36/36
v 0.355418 0.355417 0.231788
v 0.725 0.725 -0.725
v 0.241667 0.725 -0.725
vt 0.907785 0.750351
vt 0.619695 0.85618
vt 0.619695 0.717779
vn 2.42039e-007 0.932826 0.360326
vn 2.42039e-007 0.932826 0.360326
vn 2.42039e-007 0.932826 0.360326
vtan -1.0037e-007 -0.360326 0.932826
vbi -1 5.81153e-007 -8.32788e-007
vtan -8.5288e-008 -0.360326 0.932826
vbi -1 2.60517e-007 -2.71221e-009
vtan -1.08464e-007 -0.360326 0.932826
vbi -1 4.44556e-007 -5.53797e-007
f 37/37/37/37/37 38/38/38/38/38 39/39/39/39/39
v 0.355418 0.355417 0.231788
v 0.241667 0.725 -0.725
v 0.118473 0.355417 0.231788
vt 0.907785 0.750351
vt 0.619695 0.717779
vt 0.907785 0.682502
vn 2.42039e-007 0.932826 0.360326
vn 2.42039e-007 0.932826 0.360326
vn 2.42039e-007 0.932826 0.360326
vtan -1.0037e-007 -0.360326 0.932826
vbi -1 5.81153e-007 -8.32788e-007
vtan -1.08464e-007 -0.360326 0.932826
vbi -1 4.44556e-007 -5.53797e-007
vtan -1.20444e-007 -0.360326 0.932826
vbi -1 4.48496e-007 -5.63996e-007
f 40/40/40/40/40 41/41/41/41/41 42/42/42/42/42
v 0.118473 0.355417 0.231788
v 0.241667 0.725 -0.725
v -0.241666 0.725 -0.725
vt 0.907785 0.682502
vt 0.619695 0.717779
vt 0.619695 0.579377
vn 1.6136e-007 0.932826 0.360326
vn 1.6136e-007 0.932826 0.360326
vn 1.6136e-007 0.932826 0.360326
vtan -1.20444e-007 -0.360326 0.932826
vbi -1 4.48496e-007 -5.63996e-007
vtan -1.08464e-007 -0.360326 0.932826
vbi -1 4.44556e-007 -5.53797e-007
vtan -1.32258e-007 -0.360326 0.932826
vbi -1 2.34738e-007 -1.06117e-008
f 43/43/43/43/43 44/44/44/44/44 45/45/45/45/45
v 0.118473 0.355417 0.231788
v -0.241666 0.725 -0.725
v -0.118473 0.355418 0.231788
vt 0.907785 0.682502
vt 0.619695 0.579377
vt 0.907785 0.614653
vn 1.6136e-007 0.932826 0.360326
vn 1.6136e-007 0.932826 0.360326
vn 1.6136e-007 0.932826 0.360326
vtan -1.20444e-007 -0.360326 0.932826
vbi -1 4.48496e-007 -5.63996e-007
vtan -1.32258e-007 -0.360326 0.932826
vbi -1 2.34738e-007 -1.06117e-008
vtan -1.78436e-008 -0.360326 0.932826
vbi -1 2.33355e-007 -7.03017e-009
f 46/46/46/46/46 47/47/47/47/47 48/48/48/48/48
v 0.725 -0.725 -0.725
v 0.355417 -0.355418 0.231788
v 0.118472 -0.355418 0.231788
vt 0.602771 0.85618
vt 0.314681 0.750351
vt 0.314681 0.682502
vn -2.017e-007 -0.932826 0.360326
vn -2.017e-007 -0.932826 0.360326
vn -2.017e-007 -0.932826 0.360326
vtan 2.11724e-014 -0.360326 -0.932827
vbi -1 3.62365e-007 3.78336e-007
vtan -1.07062e-007 -0.360326 -0.932827
vbi -1 2.30664e-007 3.7383e-008
vtan 1.7714e-014 -0.360326 -0.932826
vbi -1 3.18465e-007 2.64685e-007
f 49/49/49/49/49 50/50/50/50/50 51/51/51/51/51
v 0.725 -0.725 -0.725
v 0.118472 -0.355418 0.231788
v 0.241667 -0.725 -0.725
vt 0.602771 0.85618
vt 0.314681 0.682502
vt 0.602771 0.717779
vn -2.017e-007 -0.932826 0.360326
vn -2.017e-007 -0.932826 0.360326
vn -2.017e-007 -0.932826 0.360326
vtan 2.11724e-014 -0.360326 -0.932827
vbi -1 3.62365e-007 3.78336e-007
vtan 1.7714e-014 -0.360326 -0.932826
vbi -1 3.18465e-007 2.64685e-007
vtan -8.74746e-009 -0.360326 -0.932827
vbi -1 2.56896e-007 1.05294e-007
f 52/52/52/52/52 53/53/53/53/53 54/54/54/54/54
v 0.241667 -0.725 -0.725
v 0.118472 -0.355418 0.231788
v -0.118473 -0.355418 0.231788
vt 0.602771 0.717779
vt 0.314681 0.682502
vt 0.314681 0.614653
vn -2.017e-007 -0.932826 0.360326
vn -2.017e-007 -0.932826 0.360326
vn -2.017e-007 -0.932826 0.360326
vtan -8.74746e-009 -0.360326 -0.932827
vbi -1 2.56896e-007 1.05294e-007
vtan 1.7714e-014 -0.360326 -0.932826
vbi -1 3.18465e-007 2.64685e-007
vtan -2.65911e-008 -0.360326 -0.932826
vbi -1 4.61772e-008 -3.65588e-007
f 55/55/55/55/55 56/56/56/56/56 57/57/57/57/57
v 0.241667 -0.725 -0.725
v -0.118473 -0.355418 0.231788
v -0.241667 -0.725 -0.725
vt 0.602771 0.717779
vt 0.314681 0.614653
vt 0.602771 0.579377
vn -2.017e-007 -0.932826 0.360326
vn -2.017e-007 -0.932826 0.360326
vn -2.017e-007 -0.932826 0.360326
vtan -8.74746e-009 -0.360326 -0.932827
vbi -1 2.56896e-007 1.05294e-007
vtan -2.65911e-008 -0.360326 -0.932826
vbi -1 4.61772e-008 -3.65588e-007
vtan -2.62424e-008 -0.360326 -0.932826
vbi -1 2.21135e-007 8.73507e-008
f 58/58/58/58/58 59/59/59/59/59 60/60/60/60/60
v 0.355418 -0.177709 0.231788
v 0.118472 -0.177709 0.231788
v 0.118472 -0.355418 0.231788
vt 0.790702 0.00859048
vt 0.790702 0.0764392
vt 0.740579 0.0764392
vn -3.86697e-008 0 1
vn -3.86697e-008 0 1
vn -3.86697e-008 0 1
vtan 2.18369e-007 1 9.43418e-015
vbi 1 -3.3981e-007 4.1595e-008
vtan 3.07291e-007 1 1.26253e-014
vbi 1 -3.65106e-007 4.08637e-008
vtan 1.96519e-007 1 7.59934e-015
vbi 1 -3.13671e-007 3.86696e-008
f 61/61/61/61/61 62/62/62/62/62 63/63/63/63/63
v 0.355418 -0.177709 0.231788
v 0.118472 -0.355418 0.231788
v 0.355417 -0.355418 0.231788
vt 0.790702 0.00859048
vt 0.740579 0.0764392
vt 0.740579 0.00859051
vn -3.86697e-008 0 1
vn -3.86697e-008 0 1
vn -3.86697e-008 0 1
vtan 2.18369e-007 1 9.43418e-015
vbi 1 -3.3981e-007 4.1595e-008
vtan 1.96519e-007 1 7.59934e-015
vbi 1 -3.13671e-007 3.86696e-008
vtan 1.58358e-007 1 6.12365e-015
vbi 1 -3.13671e-007 3.86696e-008
f 64/64/64/64/64 65/65/65/65/65 66/66/66/66/66
v 0.118472 -0.177709 0.231788
v -0.118473 -0.177709 0.231788
v -0.118473 -0.355418 0.231788
vt 0.790702 0.0764392
vt 0.790702 0.144288
vt 0.740579 0.144288
vn -3.86697e-008 0 1
vn -3.86697e-008 0 1
vn -3.86697e-008 0 1
vtan 3.07291e-007 1 1.26253e-014
vbi 1 -3.65106e-007 4.08637e-008
vtan 3.17358e-007 1 -7.05552e-015
vbi 1 1.94113e-008 -2.20877e-008
vtan 3.14552e-007 1 -4.73675e-015
vbi 1 1.56836e-007 -1.17181e-008
f 67/67/67/67/67 68/68/68/68/68 69/69/69/69/69
v 0.118472 -0.177709 0.231788
v -0.118473 -0.355418 0.231788
v 0.118472 -0.355418 0.231788
vt 0.790702 0.0764392
vt 0.740579 0.144288
vt 0.740579 0.0764392
vn -3.86697e-008 0 1
vn -3.86697e-008 0 1
vn -3.86697e-008 0 1
vtan 3.07291e-007 1 1.26253e-014
vbi 1 -3.65106e-007 4.08637e-008
vtan 3.14552e-007 1 -4.73675e-015
vbi 1 1.56836e-007 -1.17181e-008
vtan 1.96519e-007 1 7.59934e-015
vbi 1 -3.13671e-007 3.86696e-008
f 70/70/70/70/70 71/71/71/71/71 72/72/72/72/72
v 0.725 -0.3625 -0.725
v 0.725 -0.725 -0.725
v 0.241667 -0.725 -0.725
vt 0.315192 0.00859049
vt 0.417436 0.00859044
vt 0.417436 0.146992
vn -1.70097e-007 0 -1
vn -1.70097e-007 0 -1
vn -1.70097e-007 0 -1
vtan -9.90035e-008 -1 1.68402e-014
vbi 1 -1.73576e-007 -1.13398e-007
vtan -4.9347e-007 -1 8.39376e-014
vbi 1 -3.76918e-007 -1.70097e-007
vtan -1.60557e-007 -1 1.68402e-014
vbi 1 -9.81921e-008 -1.13398e-007
f 73/73/73/73/73 74/74/74/74/74 75/75/75/75/75
v 0.725 -0.3625 -0.725
v 0.241667 -0.725 -0.725
v 0.241667 -0.3625 -0.725
vt 0.315192 0.00859049
vt 0.417436 0.146992
vt 0.315192 0.146992
vn -1.70097e-007 0 -1
vn -1.70097e-007 0 -1
vn -1.70097e-007 0 -1
vtan -9.90035e-008 -1 1.68402e-014
vbi 1 -1.73576e-007 -1.13398e-007
vtan -1.60557e-007 -1 1.68402e-014
vbi 1 -9.81921e-008 -1.13398e-007
vtan -2.15139e-007 -1 1.01041e-014
vbi 1 -1.50729e-007 -6.80387e-008
f 76/76/76/76/76 77/77/77/77/77 78/78/78/78/78
v 0.241667 -0.3625 -0.725
v 0.241667 -0.725 -0.725
v -0.241667 -0.725 -0.725
vt 0.315192 0.146992
vt 0.417436 0.146992
vt 0.417436 0.285393
vn 0 0 -1
vn 0 0 -1
vn 0 0 -1
vtan -2.15139e-007 -1 1.01041e-014
vbi 1 -1.50729e-007 -6.80387e-008
vtan -1.60557e-007 -1 1.68402e-014
vbi 1 -9.81921e-008 -1.13398e-007
vtan -4.22125e-007 -1 0
vbi 1 -3.42641e-007 0
f 79/79/79/79/79 80/80/80/80/80 81/81/81/81/81
v 0.241667 -0.3625 -0.725
v -0.241667 -0.725 -0.725
v -0.241667 -0.3625 -0.725
vt 0.315192 0.146992
vt 0.417436 0.285393
vt 0.315192 0.285393
vn 0 0 -1
vn 0 0 -1
vn 0 0 -1
vtan -2.15139e-007 -1 1.01041e-014
vbi 1 -1.50729e-007 -6.80387e-008
vtan -4.22125e-007 -1 0
vbi 1 -3.42641e-007 0
vtan -2.91973e-007 -1 -4.19526e-015
vbi 1 -2.43605e-007 3.40193e-008
f 82/82/82/82/82 83/83/83/83/83 84/84/84/84/84
v 0.241667 0.725 -0.725
v 0.241667 0.3625 -0.725
v -0.241666 0.3625 -0.725
vt 0.00846156 0.146992
vt 0.110705 0.146992
vt 0.110705 0.285393
vn 0 0 -1
vn 0 0 -1
vn 0 0 -1
vtan -1.48505e-007 -1 0
vbi 1 -1.23437e-007 0
vtan -1.62968e-007 -1 5.05205e-015
vbi 1 -1.67137e-007 -3.40193e-008
vtan -1.43468e-007 -1 0
vbi 1 -9.19537e-008 0
f 85/85/85/85/85 86/86/86/86/86 87/87/87/87/87
v 0.241667 0.725 -0.725
v -0.241666 0.3625 -0.725
v -0.241666 0.725 -0.725
vt 0.00846156 0.146992
vt 0.110705 0.285393
vt 0.00846155 0.285393
vn 0 0 -1
vn 0 0 -1
vn 0 0 -1
vtan -1.48505e-007 -1 0
vbi 1 -1.23437e-007 0
vtan -1.43468e-007 -1 0
vbi 1 -9.19537e-008 0
vtan -2.47509e-007 -1 0
vbi 1 -1.23437e-007 0
f 88/88/88/88/88 89/89/89/89/89 90/90/90/90/90
v 0.241667 0.3625 -0.725
v 0.241667 5.96046e-008 -0.725
v -0.241666 1.19209e-007 -0.725
vt 0.110705 0.146992
vt 0.212949 0.146992
vt 0.212949 0.285393
vn 0 0 -1
vn 0 0 -1
vn 0 0 -1
vtan -1.62968e-007 -1 5.05205e-015
vbi 1 -1.67137e-007 -3.40193e-008
vtan -7.58448e-008 -1 5.05205e-015
vbi 1 -2.12379e-007 -3.40193e-008
vtan -5.4365e-008 -1 5.05205e-015
vbi 1 -1.26065e-007 3.40193e-008
f 91/91/91/91/91 92/92/92/92/92 93/93/93/93/93
v 0.241667 0.3625 -0.725
v -0.241666 1.19209e-007 -0.725
v -0.241666 0.3625 -0.725
vt 0.110705 0.146992
vt 0.212949 0.285393
vt 0.110705 0.285393
vn 0 0 -1
vn 0 0 -1
vn 0 0 -1
vtan -1.62968e-007 -1 5.05205e-015
vbi 1 -1.67137e-007 -3.40193e-008
vtan -5.4365e-008 -1 5.05205e-015
vbi 1 -1.26065e-007 3.40193e-008
vtan -1.43468e-007 -1 0
vbi 1 -9.19537e-008 0
f 94/94/94/94/94 95/95/95/95/95 96/96/96/96/96
v 0.241667 5.96046e-008 -0.725
v 0.241667 -0.3625 -0.725
v -0.241667 -0.3625 -0.725
vt 0.212949 0.146992
vt 0.315192 0.146992
vt 0.315192 0.285393
vn 0 0 -1
vn 0 0 -1
vn 0 0 -1
vtan -7.58448e-008 -1 5.05205e-015
vbi 1 -2.12379e-007 -3.40193e-008
vtan -2.15139e-007 -1 1.01041e-014
vbi 1 -1.50729e-007 -6.80387e-008
vtan -2.91973e-007 -1 -4.19526e-015
vbi 1 -2.43605e-007 3.40193e-008
f 97/97/97/97/97 98/98/98/98/98 99/99/99/99/99
v 0.241667 5.96046e-008 -0.725
v -0.241667 -0.3625 -0.725
v -0.241666 1.19209e-007 -0.725
vt 0.212949 0.146992
vt 0.315192 0.285393
vt 0.212949 0.285393
vn 0 0 -1
vn 0 0 -1
vn 0 0 -1
vtan -7.58448e-008 -1 5.05205e-015
vbi 1 -2.12379e-007 -3.40193e-008
vtan -2.91973e-007 -1 -4.19526e-015
vbi 1 -2.43605e-007 3.40193e-008
vtan -5.4365e-008 -1 5.05205e-015
vbi 1 -1.26065e-007 3.40193e-008
f 100/100/100/100/100 101/101/101/101/101 102/102/102/102/102
v 0.725 0.725 -0.725
v 0.725 0.3625 -0.725
v 0.241667 0.3625 -0.725
vt 0.00846155 0.00859054
vt 0.110705 0.00859049
vt 0.110705 0.146992
vn 0 0 -1
vn 0 0 -1
vn 0 0 -1
vtan -1.48505e-007 -1 0
vbi 1 -3.6961e-007 0
vtan -3.78482e-007 -1 8.42008e-015
vbi 1 -1.64507e-007 -5.66989e-008
vtan -1.62968e-007 -1 5.05205e-015
vbi 1 -1.67137e-007 -3.40193e-008
f 103/103/103/103/103 104/104/104/104/104 105/105/105/105/105
v 0.725 0.725 -0.725
v 0.241667 0.3625 -0.725
v 0.241667 0.725 -0.725
vt 0.00846155 0.00859054
vt 0.110705 0.146992
vt 0.00846156 0.146992
vn 0 0 -1
vn 0 0 -1
vn 0 0 -1
vtan -1.48505e-007 -1 0
vbi 1 -3.6961e-007 0
vtan -1.62968e-007 -1 5.05205e-015
vbi 1 -1.67137e-007 -3.40193e-008
vtan -1.48505e-007 -1 0
vbi 1 -1.23437e-007 0
f 106/106/106/106/106 107/107/107/107/107 108/108/108/108/108
v 0.725 0.3625 -0.725
v 0.725 -2.98023e-008 -0.725
v 0.241667 5.96046e-008 -0.725
vt 0.110705 0.00859049
vt 0.212949 0.00859049
vt 0.212949 0.146992
vn -1.70097e-007 0 -1
vn -1.70097e-007 0 -1
vn -1.70097e-007 0 -1
vtan -3.78482e-007 -1 8.42008e-015
vbi 1 -1.64507e-007 -5.66989e-008
vtan -4.95017e-008 -1 0
vbi 1 -1.62172e-007 -1.13398e-007
vtan -7.58448e-008 -1 5.05205e-015
vbi 1 -2.12379e-007 -3.40193e-008
f 109/109/109/109/109 110/110/110/110/110 111/111/111/111/111
v 0.725 0.3625 -0.725
v 0.241667 5.96046e-008 -0.725
v 0.241667 0.3625 -0.725
vt 0.110705 0.00859049
vt 0.212949 0.146992
vt 0.110705 0.146992
vn -1.70097e-007 0 -1
vn -1.70097e-007 0 -1
vn -1.70097e-007 0 -1
vtan -3.78482e-007 -1 8.42008e-015
vbi 1 -1.64507e-007 -5.66989e-008
vtan -7.58448e-008 -1 5.05205e-015
vbi 1 -2.12379e-007 -3.40193e-008
vtan -1.62968e-007 -1 5.05205e-015
vbi 1 -1.67137e-007 -3.40193e-008
f 112/112/112/112/112 113/113/113/113/113 114/114/114/114/114
v 0.725 -2.98023e-008 -0.725
v 0.725 -0.3625 -0.725
v 0.241667 -0.3625 -0.725
vt 0.212949 0.00859049
vt 0.315192 0.00859049
vt 0.315192 0.146992
vn 0 0 -1
vn 0 0 -1
vn 0 0 -1
vtan -4.95017e-008 -1 0
vbi 1 -1.62172e-007 -1.13398e-007
vtan -9.90035e-008 -1 1.68402e-014
vbi 1 -1.73576e-007 -1.13398e-007
vtan -2.15139e-007 -1 1.01041e-014
vbi 1 -1.50729e-007 -6.80387e-008
f 115/115/115/115/115 116/116/116/116/116 117/117/117/117/117
v 0.725 -2.98023e-008 -0.725
v 0.241667 -0.3625 -0.725
v 0.241667 5.96046e-008 -0.725
vt 0.212949 0.00859049
vt 0.315192 0.146992
vt 0.212949 0.146992
vn 0 0 -1
vn 0 0 -1
vn 0 0 -1
vtan -4.95017e-008 -1 0
vbi 1 -1.62172e-007 -1.13398e-007
vtan -2.15139e-007 -1 1.01041e-014
vbi 1 -1.50729e-007 -6.80387e-008
vtan -7.58448e-008 -1 5.05205e-015
vbi 1 -2.12379e-007 -3.40193e-008
f 118/118/118/118/118 119/119/119/119/119 120/120/120/120/120
v 0.118473 0.355417 0.231788
v -0.118473 0.355418 0.231788
v -0.118473 0.177709 0.231788
vt 0.941071 0.0764392
vt 0.941071 0.144288
vt 0.890948 0.144288
vn -2.57798e-008 0 1
vn -2.57798e-008 0 1
vn -2.57798e-008 0 1
vtan 2.84883e-007 1 8.00798e-015
vbi 1 -2.92966e-007 2.79281e-008
vtan 3.17779e-007 1 8.91282e-015
vbi 1 -8.66843e-007 2.79281e-008
vtan 3.12218e-007 1 1.13085e-014
vbi 1 -3.90829e-007 3.47844e-008
f 121/121/121/121/121 122/122/122/122/122 123/123/123/123/123
v 0.118473 0.355417 0.231788
v -0.118473 0.177709 0.231788
v 0.118473 0.177709 0.231788
vt 0.941071 0.0764392
vt 0.890948 0.144288
vt 0.890948 0.0764392
vn -2.57798e-008 0 1
vn -2.57798e-008 0 1
vn -2.57798e-008 0 1
vtan 2.84883e-007 1 8.00798e-015
vbi 1 -2.92966e-007 2.79281e-008
vtan 3.12218e-007 1 1.13085e-014
vbi 1 -3.90829e-007 3.47844e-008
vtan 2.72562e-007 1 8.61013e-015
vbi 1 -3.13864e-007 3.08306e-008
f 124/124/124/124/124 125/125/125/125/125 126/126/126/126/126
v 0.206128 -1.93715e-007 0.231788
v 0.118473 0.177709 0.231788
v 0.118473 0.177709 -0.314765
vt 0.907871 0.229318
vt 0.957995 0.238362
vt 0.957995 0.384353
vn -0.896835 -0.442366 0
vn -0.896835 -0.442366 0
vn -0.896835 -0.442366 0
vtan -0.436046 0.884022 0.168433
vbi -1.90717e-007 3.86651e-007 1
vtan -0.436046 0.884022 0.168433
vbi 0 0 1
vtan -0.436046 0.884022 0.168433
vbi -1.90717e-007 3.86651e-007 1
f 127/127/127/127/127 128/128/128/128/128 129/129/129/129/129
v 0.206128 -1.93715e-007 0.231788
v 0.118473 0.177709 -0.314765
v 0.206128 -1.93715e-007 -0.314765
vt 0.907871 0.229318
vt 0.957995 0.384353
vt 0.907871 0.375309
vn -0.896835 -0.442366 0
vn -0.896835 -0.442366 0
vn -0.896835 -0.442366 0
vtan -0.436046 0.884022 0.168433
vbi -1.90717e-007 3.86651e-007 1
vtan -0.436046 0.884022 0.168433
vbi -1.90717e-007 3.86651e-007 1
vtan -0.436046 0.884022 0.168433
vbi -1.90717e-007 3.86651e-007 1
f 130/130/130/130/130 131/131/131/131/131 132/132/132/132/132
v -0.206128 -1.19209e-007 0.231788
v -0.118473 -0.177709 0.231788
v -0.118473 -0.177709 -0.314765
vt 0.790702 0.384353
vt 0.740579 0.375309
vt 0.740579 0.229318
vn 0.896835 0.442366 0
vn 0.896835 0.442366 0
vn 0.896835 0.442366 0
vtan -0.436046 0.884022 -0.168433
vbi 0 0 -1
vtan -0.436046 0.884022 -0.168433
vbi 0 0 -1
vtan -0.436046 0.884022 -0.168433
vbi 0 0 -1
f 133/133/133/133/133 134/134/134/134/134 135/135/135/135/135
v -0.206128 -1.19209e-007 0.231788
v -0.118473 -0.177709 -0.314765
v -0.206128 -1.19209e-007 -0.314765
vt 0.790702 0.384353
vt 0.740579 0.229318
vt 0.790702 0.238362
vn 0.896835 0.442366 0
vn 0.896835 0.442366 0
vn 0.896835 0.442366 0
vtan -0.436046 0.884022 -0.168433
vbi 0 0 -1
vtan -0.436046 0.884022 -0.168433
vbi 0 0 -1
vtan -0.436046 0.884022 -0.168433
vbi 0 0 -1
f 136/136/136/136/136 137/137/137/137/137 138/138/138/138/138
v 0.355418 0.355417 0.231788
v 0.118473 0.355417 0.231788
v 0.118473 0.177709 0.231788
vt 0.941071 0.00859044
vt 0.941071 0.0764392
vt 0.890948 0.0764392
vn -3.22247e-008 0 1
vn -3.22247e-008 0 1
vn -3.22247e-008 0 1
vtan 1.58358e-007 1 5.10305e-015
vbi 1 -3.13671e-007 3.22247e-008
vtan 2.84883e-007 1 8.00798e-015
vbi 1 -2.92966e-007 2.79281e-008
vtan 2.72562e-007 1 8.61013e-015
vbi 1 -3.13864e-007 3.08306e-008
f 139/139/139/139/139 140/140/140/140/140 141/141/141/141/141
v 0.355418 0.355417 0.231788
v 0.118473 0.177709 0.231788
v 0.355418 0.177709 0.231788
vt 0.941071 0.00859044
vt 0.890948 0.0764392
vt 0.890948 0.00859046
vn -3.22247e-008 0 1
vn -3.22247e-008 0 1
vn -3.22247e-008 0 1
vtan 1.58358e-007 1 5.10305e-015
vbi 1 -3.13671e-007 3.22247e-008
vtan 2.72562e-007 1 8.61013e-015
vbi 1 -3.13864e-007 3.08306e-008
vtan 2.18369e-007 1 7.86182e-015
vbi 1 -3.75062e-007 3.46625e-008
f 142/142/142/142/142 143/143/143/143/143 144/144/144/144/144
v 0.355418 0.177709 0.231788
v 0.118473 0.177709 0.231788
v 0.206128 -1.93715e-007 0.231788
vt 0.890948 0.00859046
vt 0.890948 0.0764392
vt 0.840825 0.0513393
vn -3.95381e-008 0 1
vn -3.95381e-008 0 1
vn -3.95381e-008 0 1
vtan 2.18369e-007 1 7.86182e-015
vbi 1 -3.75062e-007 3.46625e-008
vtan 2.72562e-007 1 8.61013e-015
vbi 1 -3.13864e-007 3.08306e-008
vtan 3.07323e-007 1 1.27973e-014
vbi 1 -4.98252e-007 4.21739e-008
f 145/145/145/145/145 146/146/146/146/146 147/147/147/147/147
v 0.355418 0.177709 0.231788
v 0.206128 -1.93715e-007 0.231788
v 0.355418 -2.68221e-007 0.231788
vt 0.890948 0.00859046
vt 0.840825 0.0513393
vt 0.840825 0.00859047
vn -3.95381e-008 0 1
vn -3.95381e-008 0 1
vn -3.95381e-008 0 1
vtan 2.18369e-007 1 7.86182e-015
vbi 1 -3.75062e-007 3.46625e-008
vtan 3.07323e-007 1 1.27973e-014
vbi 1 -4.98252e-007 4.21739e-008
vtan 3.38392e-007 1 1.42713e-014
vbi 1 -4.62592e-007 4.21739e-008
f 148/148/148/148/148 149/149/149/149/149 150/150/150/150/150
v 0.355418 -2.68221e-007 0.231788
v 0.206128 -1.93715e-007 0.231788
v 0.118472 -0.177709 0.231788
vt 0.840825 0.00859047
vt 0.840825 0.0513393
vt 0.790702 0.0764392
vn -4.74457e-008 0 1
vn -4.74457e-008 0 1
vn -4.74457e-008 0 1
vtan 3.38392e-007 1 1.42713e-014
vbi 1 -4.62592e-007 4.21739e-008
vtan 3.07323e-007 1 1.27973e-014
vbi 1 -4.98252e-007 4.21739e-008
vtan 3.07291e-007 1 1.26253e-014
vbi 1 -3.65106e-007 4.08637e-008
f 151/151/151/151/151 152/152/152/152/152 153/153/153/153/153
v 0.355418 -2.68221e-007 0.231788
v 0.118472 -0.177709 0.231788
v 0.355418 -0.177709 0.231788
vt 0.840825 0.00859047
vt 0.790702 0.0764392
vt 0.790702 0.00859048
vn -4.74457e-008 0 1
vn -4.74457e-008 0 1
vn -4.74457e-008 0 1
vtan 3.38392e-007 1 1.42713e-014
vbi 1 -4.62592e-007 4.21739e-008
vtan 3.07291e-007 1 1.26253e-014
vbi 1 -3.65106e-007 4.08637e-008
vtan 2.18369e-007 1 9.43418e-015
vbi 1 -3.3981e-007 4.1595e-008
f 154/154/154/154/154 155/155/155/155/155 156/156/156/156/156
v -0.725 -0.725 -0.725
v -0.355418 -0.355418 0.231788
v -0.355418 -0.177709 0.231788
vt 0.0084616 0.440976
vt 0.297758 0.546805
vt 0.297758 0.597691
vn -0.932826 2.15146e-007 0.360326
vn -0.932826 2.15146e-007 0.360326
vn -0.932826 2.15146e-007 0.360326
vtan 0.360326 -1.3996e-007 0.932826
vbi -3.99279e-007 -1 -4.36581e-007
vtan 0.360326 -4.99621e-007 0.932826
vbi -2.1951e-007 -1 2.8811e-008
vtan 0.360326 -1.05202e-007 0.932826
vbi -3.39356e-007 -1 -2.81451e-007
f 157/157/157/157/157 158/158/158/158/158 159/159/159/159/159
v -0.725 -0.725 -0.725
v -0.355418 -0.177709 0.231788
v -0.725 -0.3625 -0.725
vt 0.0084616 0.440976
vt 0.297758 0.597691
vt 0.00846155 0.544777
vn -0.932826 2.15146e-007 0.360326
vn -0.932826 2.15146e-007 0.360326
vn -0.932826 2.15146e-007 0.360326
vtan 0.360326 -1.3996e-007 0.932826
vbi -3.99279e-007 -1 -4.36581e-007
vtan 0.360326 -1.05202e-007 0.932826
vbi -3.39356e-007 -1 -2.81451e-007
vtan 0.360326 -9.33065e-008 0.932826
vbi -3.00814e-007 -1 -1.81672e-007
f 160/160/160/160/160 161/161/161/161/161 162/162/162/162/162
v -0.725 -0.3625 -0.725
v -0.355418 -0.177709 0.231788
v -0.355418 -1.49012e-008 0.231788
vt 0.00846155 0.544777
vt 0.297758 0.597691
vt 0.297758 0.648578
vn -0.932826 2.15146e-007 0.360326
vn -0.932826 2.15146e-007 0.360326
vn -0.932826 2.15146e-007 0.360326
vtan 0.360326 -9.33065e-008 0.932826
vbi -3.00814e-007 -1 -1.81672e-007
vtan 0.360326 -1.05202e-007 0.932826
vbi -3.39356e-007 -1 -2.81451e-007
vtan 0.360326 -4.99271e-009 0.932826
vbi -1.42426e-007 -1 2.28368e-007
f 163/163/163/163/163 164/164/164/164/164 165/165/165/165/165
v -0.725 -0.3625 -0.725
v -0.355418 -1.49012e-008 0.231788
v -0.725 2.08616e-007 -0.725
vt 0.00846155 0.544777
vt 0.297758 0.648578
vt 0.00846158 0.648578
vn -0.932826 2.15146e-007 0.360326
vn -0.932826 2.15146e-007 0.360326
vn -0.932826 2.15146e-007 0.360326
vtan 0.360326 -9.33065e-008 0.932826
vbi -3.00814e-007 -1 -1.81672e-007
vtan 0.360326 -4.99271e-009 0.932826
vbi -1.42426e-007 -1 2.28368e-007
vtan 0.360326 -3.499e-008 0.932826
vbi -1.62964e-007 -1 1.75201e-007
f 166/166/166/166/166 167/167/167/167/167 168/168/168/168/168
v -0.725 2.08616e-007 -0.725
v -0.355418 -1.49012e-008 0.231788
v -0.355418 0.177709 0.231788
vt 0.00846158 0.648578
vt 0.297758 0.648578
vt 0.297758 0.699464
vn -0.932826 2.15146e-007 0.360326
vn -0.932826 2.15146e-007 0.360326
vn -0.932826 2.15146e-007 0.360326
vtan 0.360326 -3.499e-008 0.932826
vbi -1.62964e-007 -1 1.75201e-007
vtan 0.360326 -4.99271e-009 0.932826
vbi -1.42426e-007 -1 2.28368e-007
vtan 0.360326 -1.53575e-007 0.932826
vbi -2.40047e-007 -1 -2.43561e-008
f 169/169/169/169/169 170/170/170/170/170 171/171/171/171/171
v -0.725 2.08616e-007 -0.725
v -0.355418 0.177709 0.231788
v -0.725 0.3625 -0.725
vt 0.00846158 0.648578
vt 0.297758 0.699464
vt 0.00846156 0.752379
vn -0.932826 2.15146e-007 0.360326
vn -0.932826 2.15146e-007 0.360326
vn -0.932826 2.15146e-007 0.360326
vtan 0.360326 -3.499e-008 0.932826
vbi -1.62964e-007 -1 1.75201e-007
vtan 0.360326 -1.53575e-007 0.932826
vbi -2.40047e-007 -1 -2.43561e-008
vtan 0.360326 -1.5381e-007 0.932826
vbi -2.95353e-007 -1 -1.67535e-007
f 172/172/172/172/172 173/173/173/173/173 174/174/174/174/174
v 0.725 0.725 -0.725
v 0.355418 0.355417 0.231788
v 0.355418 0.177709 0.231788
vt 0.723656 0.423795
vt 0.434359 0.317966
vt 0.434359 0.267079
vn 0.932826 -2.15146e-007 0.360326
vn 0.932826 -2.15146e-007 0.360326
vn 0.932826 -2.15146e-007 0.360326
vtan 0.360326 2.4493e-007 -0.932826
vbi -2.00694e-007 -1 -7.75228e-008
vtan 0.360326 3.56872e-007 -0.932826
vbi -6.22951e-008 -1 -4.35816e-007
vtan 0.360326 2.46557e-007 -0.932826
vbi -1.48289e-007 -1 -2.13191e-007
f 175/175/175/175/175 176/176/176/176/176 177/177/177/177/177
v 0.725 0.725 -0.725
v 0.355418 0.177709 0.231788
v 0.725 0.3625 -0.725
vt 0.723656 0.423795
vt 0.434359 0.267079
vt 0.723656 0.319994
vn 0.932826 -2.15146e-007 0.360326
vn 0.932826 -2.15146e-007 0.360326
vn 0.932826 -2.15146e-007 0.360326
vtan 0.360326 2.4493e-007 -0.932826
vbi -2.00694e-007 -1 -7.75228e-008
vtan 0.360326 2.46557e-007 -0.932826
vbi -1.48289e-007 -1 -2.13191e-007
vtan 0.360326 2.7992e-007 -0.932826
vbi -1.30675e-007 -1 -2.58792e-007
f 178/178/178/178/178 179/179/179/179/179 180/180/180/180/180
v 0.725 0.3625 -0.725
v 0.355418 0.177709 0.231788
v 0.355418 -2.68221e-007 0.231788
vt 0.723656 0.319994
vt 0.434359 0.267079
vt 0.434359 0.216193
vn 0.932826 -2.15146e-007 0.360326
vn 0.932826 -2.15146e-007 0.360326
vn 0.932826 -2.15146e-007 0.360326
vtan 0.360326 2.7992e-007 -0.932826
vbi -1.30675e-007 -1 -2.58792e-007
vtan 0.360326 2.46557e-007 -0.932826
vbi -1.48289e-007 -1 -2.13191e-007
vtan 0.360326 3.44572e-007 -0.932826
vbi -8.25019e-009 -1 -5.75729e-007
f 181/181/181/181/181 182/182/182/182/182 183/183/183/183/183
v 0.725 0.3625 -0.725
v 0.355418 -2.68221e-007 0.231788
v 0.725 -2.98023e-008 -0.725
vt 0.723656 0.319994
vt 0.434359 0.216193
vt 0.723656 0.216193
vn 0.932826 -2.15146e-007 0.360326
vn 0.932826 -2.15146e-007 0.360326
vn 0.932826 -2.15146e-007 0.360326
vtan 0.360326 2.7992e-007 -0.932826
vbi -1.30675e-007 -1 -2.58792e-007
vtan 0.360326 3.44572e-007 -0.932826
vbi -8.25019e-009 -1 -5.75729e-007
vtan 0.360326 3.44068e-007 -0.932826
vbi -6.06552e-008 -1 -4.40061e-007
f 184/184/184/184/184 185/185/185/185/185 186/186/186/186/186
v 0.725 -2.98023e-008 -0.725
v 0.355418 -2.68221e-007 0.231788
v 0.355418 -0.177709 0.231788
vt 0.723656 0.216193
vt 0.434359 0.216193
vt 0.434359 0.165306
vn 0.932826 -2.15146e-007 0.360326
vn 0.932826 -2.15146e-007 0.360326
vn 0.932826 -2.15146e-007 0.360326
vtan 0.360326 3.44068e-007 -0.932826
vbi -6.06552e-008 -1 -4.40061e-007
vtan 0.360326 3.44572e-007 -0.932826
vbi -8.25019e-009 -1 -5.75729e-007
vtan 0.360326 3.59125e-007 -0.932826
vbi 2.5368e-008 -1 -2.64703e-007
f 187/187/187/187/187 188/188/188/188/188 189/189/189/189/189
v 0.725 -2.98023e-008 -0.725
v 0.355418 -0.177709 0.231788
v 0.725 -0.3625 -0.725
vt 0.723656 0.216193
vt 0.434359 0.165306
vt 0.723656 0.112392
vn 0.932826 -2.15146e-007 0.360326
vn 0.932826 -2.15146e-007 0.360326
vn 0.932826 -2.15146e-007 0.360326
vtan 0.360326 3.44068e-007 -0.932826
vbi -6.06552e-008 -1 -4.40061e-007
vtan 0.360326 3.59125e-007 -0.932826
vbi 2.5368e-008 -1 -2.64703e-007
vtan 0.360326 3.59011e-007 -0.932826
vbi -6.6898e-008 -1 -2.58409e-008
f 190/190/190/190/190 191/191/191/191/191 192/192/192/192/192
v -0.118473 0.355418 0.231788
v -0.355418 0.355418 0.231788
v -0.355418 0.177709 0.231788
vt 0.941071 0.144288
vt 0.941071 0.212137
vt 0.890948 0.212137
vn -3.22247e-008 0 1
vn -3.22247e-008 0 1
vn -3.22247e-008 0 1
vtan 3.17779e-007 1 8.91282e-015
vbi 1 -8.66843e-007 2.79281e-008
vtan 3.08965e-007 1 9.95631e-015
vbi 1 6.40319e-007 3.22247e-008
vtan 2.75098e-007 1 1.0056e-014
vbi 1 -3.13929e-007 3.99343e-008
f 193/193/193/193/193 194/194/194/194/194 195/195/195/195/195
v -0.118473 0.355418 0.231788
v -0.355418 0.177709 0.231788
v -0.118473 0.177709 0.231788
vt 0.941071 0.144288
vt 0.890948 0.212137
vt 0.890948 0.144288
vn -3.22247e-008 0 1
vn -3.22247e-008 0 1
vn -3.22247e-008 0 1
vtan 3.17779e-007 1 8.91282e-015
vbi 1 -8.66843e-007 2.79281e-008
vtan 2.75098e-007 1 1.0056e-014
vbi 1 -3.13929e-007 3.99343e-008
vtan 3.12218e-007 1 1.13085e-014
vbi 1 -3.90829e-007 3.47844e-008
f 196/196/196/196/196 197/197/197/197/197 198/198/198/198/198
v -0.118473 0.177709 0.231788
v -0.355418 0.177709 0.231788
v -0.355418 -1.49012e-008 0.231788
vt 0.890948 0.144288
vt 0.890948 0.212137
vt 0.840825 0.212137
vn -5.53533e-008 0 1
vn -5.53533e-008 0 1
vn -5.53533e-008 0 1
vtan 3.12218e-007 1 1.13085e-014
vbi 1 -3.90829e-007 3.47844e-008
vtan 2.75098e-007 1 1.0056e-014
vbi 1 -3.13929e-007 3.99343e-008
vtan 3.88212e-007 1 5.96341e-015
vbi 1 -6.47768e-007 1.917e-008
f 199/199/199/199/199 200/200/200/200/200 201/201/201/201/201
v -0.118473 0.177709 0.231788
v -0.355418 -1.49012e-008 0.231788
v -0.206128 -1.19209e-007 0.231788
vt 0.890948 0.144288
vt 0.840825 0.212137
vt 0.840825 0.169388
vn -5.53533e-008 0 1
vn -5.53533e-008 0 1
vn -5.53533e-008 0 1
vtan 3.12218e-007 1 1.13085e-014
vbi 1 -3.90829e-007 3.47844e-008
vtan 3.88212e-007 1 5.96341e-015
vbi 1 -6.47768e-007 1.917e-008
vtan 3.41738e-007 1 8.43567e-015
vbi 1 -5.45566e-007 1.917e-008
f 202/202/202/202/202 203/203/203/203/203 204/204/204/204/204
v -0.206128 -1.19209e-007 0.231788
v -0.355418 -1.49012e-008 0.231788
v -0.355418 -0.177709 0.231788
vt 0.840825 0.169388
vt 0.840825 0.212137
vt 0.790702 0.212137
vn 5.31967e-008 0 1
vn 5.31967e-008 0 1
vn 5.31967e-008 0 1
vtan 3.41738e-007 1 8.43567e-015
vbi 1 -5.45566e-007 1.917e-008
vtan 3.88212e-007 1 5.96341e-015
vbi 1 -6.47768e-007 1.917e-008
vtan 1.9954e-007 1 -8.93772e-015
vbi 1 -4.24177e-007 -4.23402e-008
f 205/205/205/205/205 206/206/206/206/206 207/207/207/207/207
v -0.206128 -1.19209e-007 0.231788
v -0.355418 -0.177709 0.231788
v -0.118473 -0.177709 0.231788
vt 0.840825 0.169388
vt 0.790702 0.212137
vt 0.790702 0.144288
vn 5.31967e-008 0 1
vn 5.31967e-008 0 1
vn 5.31967e-008 0 1
vtan 3.41738e-007 1 8.43567e-015
vbi 1 -5.45566e-007 1.917e-008
vtan 1.9954e-007 1 -8.93772e-015
vbi 1 -4.24177e-007 -4.23402e-008
vtan 3.17358e-007 1 -7.05552e-015
vbi 1 1.94113e-008 -2.20877e-008
f 208/208/208/208/208 209/209/209/209/209 210/210/210/210/210
v -0.241666 0.725 -0.725
v -0.241666 0.3625 -0.725
v -0.725 0.3625 -0.725
vt 0.00846155 0.285393
vt 0.110705 0.285393
vt 0.110705 0.423795
vn 0 0 -1
vn 0 0 -1
vn 0 0 -1
vtan -2.47509e-007 -1 0
vbi 1 -1.23437e-007 0
vtan -1.43468e-007 -1 0
vbi 1 -9.19537e-008 0
vtan -3.46512e-007 -1 0
vbi 1 -3.08066e-007 0
f 211/211/211/211/211 212/212/212/212/212 213/213/213/213/213
v -0.241666 0.725 -0.725
v -0.725 0.3625 -0.725
v -0.724999 0.725 -0.725
vt 0.00846155 0.285393
vt 0.110705 0.423795
vt 0.00846156 0.423795
vn 0 0 -1
vn 0 0 -1
vn 0 0 -1
vtan -2.47509e-007 -1 0
vbi 1 -1.23437e-007 0
vtan -3.46512e-007 -1 0
vbi 1 -3.08066e-007 0
vtan -4.45516e-007 -1 0
vbi 1 -3.6961e-007 0
f 214/214/214/214/214 215/215/215/215/215 216/216/216/216/216
v -0.241666 0.3625 -0.725
v -0.241666 1.19209e-007 -0.725
v -0.725 2.08616e-007 -0.725
vt 0.110705 0.285393
vt 0.212949 0.285393
vt 0.212949 0.423795
vn 0 0 -1
vn 0 0 -1
vn 0 0 -1
vtan -1.43468e-007 -1 0
vbi 1 -9.19537e-008 0
vtan -5.4365e-008 -1 5.05205e-015
vbi 1 -1.26065e-007 3.40193e-008
vtan -4.95018e-008 -1 8.42008e-015
vbi 1 -1.48545e-007 5.66989e-008
f 217/217/217/217/217 218/218/218/218/218 219/219/219/219/219
v -0.241666 0.3625 -0.725
v -0.725 2.08616e-007 -0.725
v -0.725 0.3625 -0.725
vt 0.110705 0.285393
vt 0.212949 0.423795
vt 0.110705 0.423795
vn 0 0 -1
vn 0 0 -1
vn 0 0 -1
vtan -1.43468e-007 -1 0
vbi 1 -9.19537e-008 0
vtan -4.95018e-008 -1 8.42008e-015
vbi 1 -1.48545e-007 5.66989e-008
vtan -3.46512e-007 -1 0
vbi 1 -3.08066e-007 0
f 220/220/220/220/220 221/221/221/221/221 222/222/222/222/222
v -0.241666 1.19209e-007 -0.725
v -0.241667 -0.3625 -0.725
v -0.725 -0.3625 -0.725
vt 0.212949 0.285393
vt 0.315192 0.285393
vt 0.315193 0.423795
vn 1.70097e-007 0 -1
vn 1.70097e-007 0 -1
vn 1.70097e-007 0 -1
vtan -5.4365e-008 -1 5.05205e-015
vbi 1 -1.26065e-007 3.40193e-008
vtan -2.91973e-007 -1 -4.19526e-015
vbi 1 -2.43605e-007 3.40193e-008
vtan -2.47509e-007 -1 8.42008e-015
vbi 1 -2.12073e-007 5.66989e-008
f 223/223/223/223/223 224/224/224/224/224 225/225/225/225/225
v -0.241666 1.19209e-007 -0.725
v -0.725 -0.3625 -0.725
v -0.725 2.08616e-007 -0.725
vt 0.212949 0.285393
vt 0.315193 0.423795
vt 0.212949 0.423795
vn 1.70097e-007 0 -1
vn 1.70097e-007 0 -1
vn 1.70097e-007 0 -1
vtan -5.4365e-008 -1 5.05205e-015
vbi 1 -1.26065e-007 3.40193e-008
vtan -2.47509e-007 -1 8.42008e-015
vbi 1 -2.12073e-007 5.66989e-008
vtan -4.95018e-008 -1 8.42008e-015
vbi 1 -1.48545e-007 5.66989e-008
f 226/226/226/226/226 227/227/227/227/227 228/228/228/228/228
v 0.118473 0.177709 -0.314765
v -0.118473 0.177709 -0.314765
v -0.206128 -1.19209e-007 -0.314765
vt 0.108708 0.898461
vt 0.108708 0.96631
vt 0.0585846 0.99141
vn -1.90709e-008 0 1
vn -1.90709e-008 0 1
vn -1.90709e-008 0 1
vtan 4.88341e-007 1 9.31311e-015
vbi 1 -3.15496e-007 1.90709e-008
vtan 1.54482e-007 1 2.94612e-015
vbi 1 -3.63039e-007 1.90709e-008
vtan 4.43946e-007 1 8.46646e-015
vbi 1 -3.1329e-007 1.90709e-008
f 229/229/229/229/229 230/230/230/230/230 231/231/231/231/231
v 0.118473 0.177709 -0.314765
v -0.206128 -1.19209e-007 -0.314765
v 0.206128 -1.93715e-007 -0.314765
vt 0.108708 0.898461
vt 0.0585846 0.99141
vt 0.0585846 0.873361
vn -1.90709e-008 0 1
vn -1.90709e-008 0 1
vn -1.90709e-008 0 1
vtan 4.88341e-007 1 9.31311e-015
vbi 1 -3.15496e-007 1.90709e-008
vtan 4.43946e-007 1 8.46646e-015
vbi 1 -3.1329e-007 1.90709e-008
vtan 4.80043e-007 1 9.15486e-015
vbi 1 -3.14888e-007 1.90709e-008
f 232/232/232/232/232 233/233/233/233/233 234/234/234/234/234
v 0.206128 -1.93715e-007 -0.314765
v -0.206128 -1.19209e-007 -0.314765
v -0.118473 -0.177709 -0.314765
vt 0.0585846 0.873361
vt 0.0585846 0.99141
vt 0.00846155 0.96631
vn -1.90709e-008 0 1
vn -1.90709e-008 0 1
vn -1.90709e-008 0 1
vtan 4.80043e-007 1 9.15486e-015
vbi 1 -3.14888e-007 1.90709e-008
vtan 4.43946e-007 1 8.46646e-015
vbi 1 -3.1329e-007 1.90709e-008
vtan 4.63447e-007 1 8.83837e-015
vbi 1 -3.13671e-007 1.90709e-008
f 235/235/235/235/235 236/236/236/236/236 237/237/237/237/237
v 0.206128 -1.93715e-007 -0.314765
v -0.118473 -0.177709 -0.314765
v 0.118472 -0.177709 -0.314765
vt 0.0585846 0.873361
vt 0.00846155 0.96631
vt 0.00846155 0.898461
vn -1.90709e-008 0 1
vn -1.90709e-008 0 1
vn -1.90709e-008 0 1
vtan 4.80043e-007 1 9.15486e-015
vbi 1 -3.14888e-007 1.90709e-008
vtan 4.63447e-007 1 8.83837e-015
vbi 1 -3.13671e-007 1.90709e-008
vtan 4.63447e-007 1 8.83837e-015
vbi 1 -3.13671e-007 1.90709e-008
f 238/238/238/238/238 239/239/239/239/239 240/240/240/240/240
v 0.118473 0.177709 0.231788
v -0.118473 0.177709 0.231788
v -0.118473 0.177709 -0.314765
vt 0.924708 0.440976
vt 0.991538 0.440976
vt 0.991538 0.591503
vn -2.51555e-007 -1 0
vn -2.51555e-007 -1 0
vn -2.51555e-007 -1 0
vtan -1 2.51555e-007 0
vbi 0 0 1
vtan -1 2.51555e-007 0
vbi 0 0 1
vtan -1 2.51555e-007 0
vbi 0 0 1
f 241/241/241/241/241 242/242/242/242/242 243/243/243/243/243
v 0.118473 0.177709 0.231788
v -0.118473 0.177709 -0.314765
v 0.118473 0.177709 -0.314765
vt 0.924708 0.440976
vt 0.991538 0.591503
vt 0.924708 0.591503
vn -2.51555e-007 -1 0
vn -2.51555e-007 -1 0
vn -2.51555e-007 -1 0
vtan -1 2.51555e-007 0
vbi 0 0 1
vtan -1 2.51555e-007 0
vbi 0 0 1
vtan -1 2.51555e-007 0
vbi 0 0 1
f 244/244/244/244/244 245/245/245/245/245 246/246/246/246/246
v 0.118472 -0.177709 0.231788
v 0.206128 -1.93715e-007 0.231788
v 0.206128 -1.93715e-007 -0.314765
vt 0.857748 0.238362
vt 0.907871 0.229318
vt 0.907871 0.375309
vn -0.896834 0.442366 0
vn -0.896834 0.442366 0
vn -0.896834 0.442366 0
vtan 0.436046 0.884021 -0.168433
vbi 0 0 1
vtan 0.436046 0.884021 -0.168433
vbi 1.98437e-007 4.02303e-007 1
vtan 0.436046 0.884021 -0.168433
vbi 0 0 1
f 247/247/247/247/247 248/248/248/248/248 249/249/249/249/249
v 0.118472 -0.177709 0.231788
v 0.206128 -1.93715e-007 -0.314765
v 0.118472 -0.177709 -0.314765
vt 0.857748 0.238362
vt 0.907871 0.375309
vt 0.857748 0.384353
vn -0.896834 0.442366 0
vn -0.896834 0.442366 0
vn -0.896834 0.442366 0
vtan 0.436046 0.884021 -0.168433
vbi 0 0 1
vtan 0.436046 0.884021 -0.168433
vbi 0 0 1
vtan 0.436046 0.884021 -0.168433
vbi 0 0 1
f 250/250/250/250/250 251/251/251/251/251 252/252/252/252/252
v -0.118473 -0.177709 0.231788
v 0.118472 -0.177709 0.231788
v 0.118472 -0.177709 -0.314765
vt 0.991538 0.759212
vt 0.924708 0.759212
vt 0.924708 0.608684
vn 3.14443e-007 1 0
vn 3.14443e-007 1 0
vn 3.14443e-007 1 0
vtan -1 3.14443e-007 0
vbi 0 0 -1
vtan -1 3.14443e-007 0
vbi 0 0 -1
vtan -1 3.14443e-007 0
vbi 0 0 -1
f 253/253/253/253/253 254/254/254/254/254 255/255/255/255/255
v -0.118473 -0.177709 0.231788
v 0.118472 -0.177709 -0.314765
v -0.118473 -0.177709 -0.314765
vt 0.991538 0.759212
vt 0.924708 0.608684
vt 0.991538 0.608684
vn 3.14443e-007 1 0
vn 3.14443e-007 1 0
vn 3.14443e-007 1 0
vtan -1 3.14443e-007 0
vbi 0 0 -1
vtan -1 3.14443e-007 0
vbi 0 0 -1
vtan -1 3.14443e-007 0
vbi 0 0 -1
