v 0 -1.45768 -0.361745
v 0 0.361745 -0.361745
v 0.0936266 0.361745 -0.349419
vt 0.866839 0.47833
vt 0.866839 0.0138605
vt 0.889457 0.0140767
vn 0.130526 -4.87198e-008 -0.991445
vn 0.130526 -4.87198e-008 -0.991445
vn 0.130526 -4.87198e-008 -0.991445
vtan 0.991405 0.00897214 0.130521
vbi -1.35808e-007 1 -6.70196e-008
vtan 0.991405 0.0089712 0.130521
vbi -1.35607e-007 1 -6.69932e-008
vtan 0.991405 0.00897214 0.130521
vbi -1.35808e-007 1 -6.70196e-008
f 1/1/1/1/1 2/2/2/2/2 3/3/3/3/3
v 0 -1.45768 -0.361745
v 0.0936266 0.361745 -0.349419
v 0.0936266 -1.45768 -0.349419
vt 0.866839 0.47833
vt 0.889457 0.0140767
vt 0.889457 0.478546
vn 0.130526 -4.87198e-008 -0.991445
vn 0.130526 -4.87198e-008 -0.991445
vn 0.130526 -4.87198e-008 -0.991445
vtan 0.991405 0.00897214 0.130521
vbi -1.35808e-007 1 -6.70196e-008
vtan 0.991405 0.00897214 0.130521
vbi -1.35808e-007 1 -6.70196e-008
vtan 0.991405 0.00897214 0.130521
vbi -1.35808e-007 1 -6.70196e-008
f 4/4/4/4/4 5/5/5/5/5 6/6/6/6/6
v 0.0936266 -1.45768 -0.349419
v 0.0936266 0.361745 -0.349419
v 0.180873 0.361745 -0.313281
vt 0.889457 0.478546
vt 0.889457 0.0140767
vt 0.909736 0.0144946
vn 0.382684 -4.53354e-008 -0.923879
vn 0.382684 -4.53354e-008 -0.923879
vn 0.382684 -4.53354e-008 -0.923879
vtan 0.923741 0.0173292 0.382626
vbi -1.4177e-007 1 -1.07794e-007
vtan 0.923741 0.0173304 0.382626
vbi -1.40967e-007 1 -1.07461e-007
vtan 0.923741 0.0173292 0.382626
vbi -1.4177e-007 1 -1.07794e-007
f 7/7/7/7/7 8/8/8/8/8 9/9/9/9/9
v 0.0936266 -1.45768 -0.349419
v 0.180873 0.361745 -0.313281
v 0.180873 -1.45768 -0.313281
vt 0.889457 0.478546
vt 0.909736 0.0144946
vt 0.909736 0.478964
vn 0.382684 -4.53354e-008 -0.923879
vn 0.382684 -4.53354e-008 -0.923879
vn 0.382684 -4.53354e-008 -0.923879
vtan 0.923741 0.0173292 0.382626
vbi -1.4177e-007 1 -1.07794e-007
vtan 0.923741 0.0173292 0.382626
vbi -1.4177e-007 1 -1.07794e-007
vtan 0.923741 0.0173292 0.382626
vbi -1.4177e-007 1 -1.07794e-007
f 10/10/10/10/10 11/11/11/11/11 12/12/12/12/12
v 0.180873 -1.45768 -0.313281
v 0.180873 0.361745 -0.313281
v 0.255793 0.361745 -0.255793
vt 0.620936 0.0138605
vt 0.620936 0.47833
vt 0.604378 0.478921
vn 0.608761 -4.09574e-008 -0.793353
vn 0.608761 -4.09574e-008 -0.793353
vn 0.608761 -4.09574e-008 -0.793353
vtan -0.793115 0.0245047 -0.608579
vbi -1.50584e-007 -1 -6.39219e-008
vtan -0.793115 0.0245048 -0.608579
vbi -1.49431e-007 -1 -6.3037e-008
vtan -0.793115 0.0245047 -0.608579
vbi -1.50584e-007 -1 -6.39219e-008
f 13/13/13/13/13 14/14/14/14/14 15/15/15/15/15
v 0.180873 -1.45768 -0.313281
v 0.255793 0.361745 -0.255793
v 0.255793 -1.45768 -0.255793
vt 0.620936 0.0138605
vt 0.604378 0.478921
vt 0.604378 0.0144514
vn 0.608761 -4.09574e-008 -0.793353
vn 0.608761 -4.09574e-008 -0.793353
vn 0.608761 -4.09574e-008 -0.793353
vtan -0.793115 0.0245047 -0.608579
vbi -1.50584e-007 -1 -6.39219e-008
vtan -0.793115 0.0245047 -0.608579
vbi -1.50584e-007 -1 -6.39219e-008
vtan -0.793115 0.0245047 -0.608579
vbi -1.50584e-007 -1 -6.39219e-008
f 16/16/16/16/16 17/17/17/17/17 18/18/18/18/18
v 0.255793 -1.45768 -0.255793
v 0.255793 0.361745 -0.255793
v 0.313281 0.361745 -0.180873
vt 0.604378 0.0144514
vt 0.604378 0.478921
vt 0.584099 0.479338
vn 0.793353 -2.74408e-008 -0.608761
vn 0.793353 -2.74408e-008 -0.608761
vn 0.793353 -2.74408e-008 -0.608761
vtan -0.60867 0.0173303 -0.793234
vbi -1.8676e-007 -1 -1.98314e-007
vtan -0.60867 0.0173304 -0.793234
vbi -9.09072e-008 -1 -7.33962e-008
vtan -0.60867 0.0173303 -0.793234
vbi -1.8676e-007 -1 -1.98314e-007
f 19/19/19/19/19 20/20/20/20/20 21/21/21/21/21
v 0.255793 -1.45768 -0.255793
v 0.313281 0.361745 -0.180873
v 0.313281 -1.45768 -0.180873
vt 0.604378 0.0144514
vt 0.584099 0.479338
vt 0.584099 0.0148692
vn 0.793353 -2.74408e-008 -0.608761
vn 0.793353 -2.74408e-008 -0.608761
vn 0.793353 -2.74408e-008 -0.608761
vtan -0.60867 0.0173303 -0.793234
vbi -1.8676e-007 -1 -1.98314e-007
vtan -0.60867 0.0173303 -0.793234
vbi -1.8676e-007 -1 -1.98314e-007
vtan -0.60867 0.0173303 -0.793234
vbi -1.8676e-007 -1 -1.98314e-007
f 22/22/22/22/22 23/23/23/23/23 24/24/24/24/24
v 0.313281 -1.45768 -0.180873
v 0.313281 0.361745 -0.180873
v 0.349419 0.361745 -0.0936266
vt 0.584099 0.0148692
vt 0.584099 0.479338
vt 0.56148 0.479555
vn 0.92388 -1.49002e-008 -0.382683
vn 0.92388 -1.49002e-008 -0.382683
vn 0.92388 -1.49002e-008 -0.382683
vtan -0.382668 0.00896905 -0.923842
vbi -1.03106e-007 -1 -2.09984e-007
vtan -0.382668 0.0089712 -0.923842
vbi -1.03973e-007 -1 -2.12076e-007
vtan -0.382668 0.00896905 -0.923842
vbi -1.03106e-007 -1 -2.09984e-007
f 25/25/25/25/25 26/26/26/26/26 27/27/27/27/27
v 0.313281 -1.45768 -0.180873
v 0.349419 0.361745 -0.0936266
v 0.349419 -1.45768 -0.0936265
vt 0.584099 0.0148692
vt 0.56148 0.479555
vt 0.56148 0.0150855
vn 0.92388 -1.49002e-008 -0.382683
vn 0.92388 -1.49002e-008 -0.382683
vn 0.92388 -1.49002e-008 -0.382683
vtan -0.382668 0.00896905 -0.923842
vbi -1.03106e-007 -1 -2.09984e-007
vtan -0.382668 0.00896905 -0.923842
vbi -1.03106e-007 -1 -2.09984e-007
vtan -0.382668 0.00896905 -0.923842
vbi -1.03106e-007 -1 -2.09984e-007
f 28/28/28/28/28 29/29/29/29/29 30/30/30/30/30
v 0.349419 -1.45768 -0.0936265
v 0.349419 0.361745 -0.0936266
v 0.361745 0.361745 -4.31234e-008
vt 0.56148 0.0150855
vt 0.56148 0.479555
vt 0.538064 0.479555
vn 0.991445 6.01144e-009 -0.130526
vn 0.991445 6.01144e-009 -0.130526
vn 0.991445 6.01144e-009 -0.130526
vtan -0.130526 8.88535e-007 -0.991445
vbi -2.29106e-008 -1 -2.20079e-007
vtan -0.130526 6.38207e-017 -0.991445
vbi -2.27001e-008 -1 -2.1848e-007
vtan -0.130526 8.88535e-007 -0.991445
vbi -2.29106e-008 -1 -2.20079e-007
f 31/31/31/31/31 32/32/32/32/32 33/33/33/33/33
v 0.349419 -1.45768 -0.0936265
v 0.361745 0.361745 -4.31234e-008
v 0.361745 -1.45768 3.64062e-008
vt 0.56148 0.0150855
vt 0.538064 0.479555
vt 0.538064 0.0150855
vn 0.991445 6.01144e-009 -0.130526
vn 0.991445 6.01144e-009 -0.130526
vn 0.991445 6.01144e-009 -0.130526
vtan -0.130526 8.88535e-007 -0.991445
vbi -2.29106e-008 -1 -2.20079e-007
vtan -0.130526 8.88535e-007 -0.991445
vbi -2.29106e-008 -1 -2.20079e-007
vtan -0.130526 8.88535e-007 -0.991445
vbi -2.29106e-008 -1 -2.20079e-007
f 34/34/34/34/34 35/35/35/35/35 36/36/36/36/36
v 0.361745 -1.45768 3.64062e-008
v 0.361745 0.361745 -4.31234e-008
v 0.349419 0.361745 0.0936265
vt 0.538064 0.0150855
vt 0.538064 0.479555
vt 0.515445 0.479338
vn 0.991445 6.78158e-009 0.130526
vn 0.991445 6.78158e-009 0.130526
vn 0.991445 6.78158e-009 0.130526
vtan 0.130521 -0.00897087 -0.991405
vbi 1.87515e-008 -1 -9.04761e-008
vtan 0.130521 -0.0089712 -0.991405
vbi 3.67728e-008 -1 -2.27362e-007
vtan 0.130521 -0.00897087 -0.991405
vbi 1.87515e-008 -1 -9.04761e-008
f 37/37/37/37/37 38/38/38/38/38 39/39/39/39/39
v 0.361745 -1.45768 3.64062e-008
v 0.349419 0.361745 0.0936265
v 0.349419 -1.45768 0.0936266
vt 0.538064 0.0150855
vt 0.515445 0.479338
vt 0.515445 0.0148692
vn 0.991445 6.78158e-009 0.130526
vn 0.991445 6.78158e-009 0.130526
vn 0.991445 6.78158e-009 0.130526
vtan 0.130521 -0.00897087 -0.991405
vbi 1.87515e-008 -1 -9.04761e-008
vtan 0.130521 -0.00897087 -0.991405
vbi 1.87515e-008 -1 -9.04761e-008
vtan 0.130521 -0.00897087 -0.991405
vbi 1.87515e-008 -1 -9.04761e-008
f 40/40/40/40/40 41/41/41/41/41 42/42/42/42/42
v 0.349419 -1.45768 0.0936266
v 0.349419 0.361745 0.0936265
v 0.313281 0.361745 0.180873
vt 0.515445 0.0148692
vt 0.515445 0.479338
vt 0.495166 0.478921
vn 0.92388 5.08191e-009 0.382683
vn 0.92388 5.08191e-009 0.382683
vn 0.92388 5.08191e-009 0.382683
vtan 0.382626 -0.0173294 -0.923741
vbi 7.78716e-008 -1 -1.74719e-007
vtan 0.382626 -0.017329 -0.923741
vbi 4.71496e-008 -1 -1.0055e-007
vtan 0.382626 -0.0173294 -0.923741
vbi 7.78716e-008 -1 -1.74719e-007
f 43/43/43/43/43 44/44/44/44/44 45/45/45/45/45
v 0.349419 -1.45768 0.0936266
v 0.313281 0.361745 0.180873
v 0.313281 -1.45768 0.180873
vt 0.515445 0.0148692
vt 0.495166 0.478921
vt 0.495166 0.0144514
vn 0.92388 5.08191e-009 0.382683
vn 0.92388 5.08191e-009 0.382683
vn 0.92388 5.08191e-009 0.382683
vtan 0.382626 -0.0173294 -0.923741
vbi 7.78716e-008 -1 -1.74719e-007
vtan 0.382626 -0.0173294 -0.923741
vbi 7.78716e-008 -1 -1.74719e-007
vtan 0.382626 -0.0173294 -0.923741
vbi 7.78716e-008 -1 -1.74719e-007
f 46/46/46/46/46 47/47/47/47/47 48/48/48/48/48
v 0.313281 -1.45768 0.180873
v 0.313281 0.361745 0.180873
v 0.255793 0.361745 0.255792
vt 0.468256 0.0138605
vt 0.468256 0.47833
vt 0.451698 0.478921
vn 0.793353 4.03493e-008 0.608761
vn 0.793353 4.03493e-008 0.608761
vn 0.793353 4.03493e-008 0.608761
vtan 0.608579 0.0245057 -0.793115
vbi 9.61544e-009 -1 5.37499e-008
vtan 0.608579 0.0245034 -0.793115
vbi 1.22338e-008 -1 5.03376e-008
vtan 0.608579 0.0245057 -0.793115
vbi 9.61544e-009 -1 5.37499e-008
f 49/49/49/49/49 50/50/50/50/50 51/51/51/51/51
v 0.313281 -1.45768 0.180873
v 0.255793 0.361745 0.255792
v 0.255793 -1.45768 0.255793
vt 0.468256 0.0138605
vt 0.451698 0.478921
vt 0.451698 0.0144514
vn 0.793353 4.03493e-008 0.608761
vn 0.793353 4.03493e-008 0.608761
vn 0.793353 4.03493e-008 0.608761
vtan 0.608579 0.0245057 -0.793115
vbi 9.61544e-009 -1 5.37499e-008
vtan 0.608579 0.0245057 -0.793115
vbi 9.61544e-009 -1 5.37499e-008
vtan 0.608579 0.0245057 -0.793115
vbi 9.61544e-009 -1 5.37499e-008
f 52/52/52/52/52 53/53/53/53/53 54/54/54/54/54
v 0.255793 -1.45768 0.255793
v 0.255793 0.361745 0.255792
v 0.180873 0.361745 0.313281
vt 0.451698 0.0144514
vt 0.451698 0.478921
vt 0.431419 0.479338
vn 0.608762 4.13917e-008 0.793353
vn 0.608762 4.13917e-008 0.793353
vn 0.608762 4.13917e-008 0.793353
vtan 0.793234 0.0173285 -0.60867
vbi 2.34002e-009 -1 5.03776e-008
vtan 0.793234 0.0173304 -0.60867
vbi 1.46479e-009 -1 5.10492e-008
vtan 0.793234 0.0173285 -0.60867
vbi 2.34002e-009 -1 5.03776e-008
f 55/55/55/55/55 56/56/56/56/56 57/57/57/57/57
v 0.255793 -1.45768 0.255793
v 0.180873 0.361745 0.313281
v 0.180873 -1.45768 0.313281
vt 0.451698 0.0144514
vt 0.431419 0.479338
vt 0.431419 0.0148692
vn 0.608762 4.13917e-008 0.793353
vn 0.608762 4.13917e-008 0.793353
vn 0.608762 4.13917e-008 0.793353
vtan 0.793234 0.0173285 -0.60867
vbi 2.34002e-009 -1 5.03776e-008
vtan 0.793234 0.0173285 -0.60867
vbi 2.34002e-009 -1 5.03776e-008
vtan 0.793234 0.0173285 -0.60867
vbi 2.34002e-009 -1 5.03776e-008
f 58/58/58/58/58 59/59/59/59/59 60/60/60/60/60
v 0.180873 -1.45768 0.313281
v 0.180873 0.361745 0.313281
v 0.0936267 0.361745 0.349419
vt 0.431419 0.0148692
vt 0.431419 0.479338
vt 0.408801 0.479555
vn 0.382684 4.6138e-008 0.923879
vn 0.382684 4.6138e-008 0.923879
vn 0.382684 4.6138e-008 0.923879
vtan 0.923842 0.0089718 -0.382668
vbi 1.53495e-010 -1 4.98758e-008
vtan 0.923842 0.0089712 -0.382668
vbi 2.82553e-010 -1 4.98224e-008
vtan 0.923842 0.0089718 -0.382668
vbi 1.53495e-010 -1 4.98758e-008
f 61/61/61/61/61 62/62/62/62/62 63/63/63/63/63
v 0.180873 -1.45768 0.313281
v 0.0936267 0.361745 0.349419
v 0.0936267 -1.45768 0.349419
vt 0.431419 0.0148692
vt 0.408801 0.479555
vt 0.408801 0.0150855
vn 0.382684 4.6138e-008 0.923879
vn 0.382684 4.6138e-008 0.923879
vn 0.382684 4.6138e-008 0.923879
vtan 0.923842 0.0089718 -0.382668
vbi 1.53495e-010 -1 4.98758e-008
vtan 0.923842 0.0089718 -0.382668
vbi 1.53495e-010 -1 4.98758e-008
vtan 0.923842 0.0089718 -0.382668
vbi 1.53495e-010 -1 4.98758e-008
f 64/64/64/64/64 65/65/65/65/65 66/66/66/66/66
v 0.0936267 -1.45768 0.349419
v 0.0936267 0.361745 0.349419
v 1.40869e-007 0.361745 0.361745
vt 0.408801 0.0150855
vt 0.408801 0.479555
vt 0.385385 0.479555
vn 0.130526 4.8784e-008 0.991445
vn 0.130526 4.8784e-008 0.991445
vn 0.130526 4.8784e-008 0.991445
vtan 0.991445 1.91629e-014 -0.130526
vbi 2.6279e-012 -1 4.92046e-008
vtan 0.991445 1.35892e-006 -0.130526
vbi 8.37419e-012 -1 4.92038e-008
vtan 0.991445 1.91629e-014 -0.130526
vbi 2.6279e-012 -1 4.92046e-008
f 67/67/67/67/67 68/68/68/68/68 69/69/69/69/69
v 0.0936267 -1.45768 0.349419
v 1.40869e-007 0.361745 0.361745
v 1.40869e-007 -1.45768 0.361745
vt 0.408801 0.0150855
vt 0.385385 0.479555
vt 0.385385 0.0150855
vn 0.130526 4.8784e-008 0.991445
vn 0.130526 4.8784e-008 0.991445
vn 0.130526 4.8784e-008 0.991445
vtan 0.991445 1.91629e-014 -0.130526
vbi 2.6279e-012 -1 4.92046e-008
vtan 0.991445 1.91629e-014 -0.130526
vbi 2.6279e-012 -1 4.92046e-008
vtan 0.991445 1.91629e-014 -0.130526
vbi 2.6279e-012 -1 4.92046e-008
f 70/70/70/70/70 71/71/71/71/71 72/72/72/72/72
v 1.40869e-007 -1.45768 0.361745
v 1.40869e-007 0.361745 0.361745
v -0.0936264 0.361745 0.349419
vt 0.385385 0.0150855
vt 0.385385 0.479555
vt 0.362766 0.479338
vn -0.130525 4.87198e-008 0.991445
vn -0.130525 4.87198e-008 0.991445
vn -0.130525 4.87198e-008 0.991445
vtan 0.991405 -0.00897087 0.13052
vbi 4.72551e-011 -1 4.91464e-008
vtan 0.991405 -0.00897256 0.13052
vbi 9.15551e-015 -1 4.91402e-008
vtan 0.991405 -0.00897087 0.13052
vbi 4.72551e-011 -1 4.91464e-008
f 73/73/73/73/73 74/74/74/74/74 75/75/75/75/75
v 1.40869e-007 -1.45768 0.361745
v -0.0936264 0.361745 0.349419
v -0.0936264 -1.45768 0.349419
vt 0.385385 0.0150855
vt 0.362766 0.479338
vt 0.362766 0.0148692
vn -0.130525 4.87198e-008 0.991445
vn -0.130525 4.87198e-008 0.991445
vn -0.130525 4.87198e-008 0.991445
vtan 0.991405 -0.00897087 0.13052
vbi 4.72551e-011 -1 4.91464e-008
vtan 0.991405 -0.00897087 0.13052
vbi 4.72551e-011 -1 4.91464e-008
vtan 0.991405 -0.00897087 0.13052
vbi 4.72551e-011 -1 4.91464e-008
f 76/76/76/76/76 77/77/77/77/77 78/78/78/78/78
v -0.0936264 -1.45768 0.349419
v -0.0936264 0.361745 0.349419
v -0.180873 0.361745 0.313281
vt 0.362766 0.0148692
vt 0.362766 0.479338
vt 0.342487 0.478921
vn -0.382683 4.53354e-008 0.92388
vn -0.382683 4.53354e-008 0.92388
vn -0.382683 4.53354e-008 0.92388
vtan 0.923741 -0.0173294 0.382626
vbi -5.83652e-011 -1 4.90465e-008
vtan 0.923741 -0.0173304 0.382626
vbi 2.46065e-011 -1 4.90808e-008
vtan 0.923741 -0.0173294 0.382626
vbi -5.83652e-011 -1 4.90465e-008
f 79/79/79/79/79 80/80/80/80/80 81/81/81/81/81
v -0.0936264 -1.45768 0.349419
v -0.180873 0.361745 0.313281
v -0.180873 -1.45768 0.313281
vt 0.362766 0.0148692
vt 0.342487 0.478921
vt 0.342487 0.0144514
vn -0.382683 4.53354e-008 0.92388
vn -0.382683 4.53354e-008 0.92388
vn -0.382683 4.53354e-008 0.92388
vtan 0.923741 -0.0173294 0.382626
vbi -5.83652e-011 -1 4.90465e-008
vtan 0.923741 -0.0173294 0.382626
vbi -5.83652e-011 -1 4.90465e-008
vtan 0.923741 -0.0173294 0.382626
vbi -5.83652e-011 -1 4.90465e-008
f 82/82/82/82/82 83/83/83/83/83 84/84/84/84/84
v -0.180873 -1.45768 0.313281
v -0.180873 0.361745 0.313281
v -0.255792 0.361745 0.255793
vt 0.342487 0.0144514
vt 0.342487 0.478921
vt 0.325929 0.47833
vn -0.608761 4.09573e-008 0.793354
vn -0.608761 4.09573e-008 0.793354
vn -0.608761 4.09573e-008 0.793354
vtan 0.793115 -0.0245038 0.608578
vbi 7.16697e-008 -1 1.0662e-007
vtan 0.793115 -0.0245034 0.608578
vbi -1.20033e-009 -1 5.07045e-008
vtan 0.793115 -0.0245038 0.608578
vbi 7.16697e-008 -1 1.0662e-007
f 85/85/85/85/85 86/86/86/86/86 87/87/87/87/87
v -0.180873 -1.45768 0.313281
v -0.255792 0.361745 0.255793
v -0.255792 -1.45768 0.255793
vt 0.342487 0.0144514
vt 0.325929 0.47833
vt 0.325929 0.0138605
vn -0.608761 4.09573e-008 0.793354
vn -0.608761 4.09573e-008 0.793354
vn -0.608761 4.09573e-008 0.793354
vtan 0.793115 -0.0245038 0.608578
vbi 7.16697e-008 -1 1.0662e-007
vtan 0.793115 -0.0245038 0.608578
vbi 7.16697e-008 -1 1.0662e-007
vtan 0.793115 -0.0245038 0.608578
vbi 7.16697e-008 -1 1.0662e-007
f 88/88/88/88/88 89/89/89/89/89 90/90/90/90/90
v -0.255792 -1.45768 0.255793
v -0.255792 0.361745 0.255793
v -0.313281 0.361745 0.180873
vt 0.773615 0.0144514
vt 0.773615 0.478921
vt 0.753336 0.479338
vn -0.793353 3.82816e-008 0.608762
vn -0.793353 3.82816e-008 0.608762
vn -0.793353 3.82816e-008 0.608762
vtan 0.60867 0.0173322 0.793234
vbi 8.12543e-008 -1 1.68777e-007
vtan 0.60867 0.017329 0.793234
vbi -6.63793e-009 -1 5.42337e-008
vtan 0.60867 0.0173322 0.793234
vbi 8.12543e-008 -1 1.68777e-007
f 91/91/91/91/91 92/92/92/92/92 93/93/93/93/93
v -0.255792 -1.45768 0.255793
v -0.313281 0.361745 0.180873
v -0.313281 -1.45768 0.180873
vt 0.773615 0.0144514
vt 0.753336 0.479338
vt 0.753336 0.0148693
vn -0.793353 3.82816e-008 0.608762
vn -0.793353 3.82816e-008 0.608762
vn -0.793353 3.82816e-008 0.608762
vtan 0.60867 0.0173322 0.793234
vbi 8.12543e-008 -1 1.68777e-007
vtan 0.60867 0.0173322 0.793234
vbi 8.12543e-008 -1 1.68777e-007
vtan 0.60867 0.0173322 0.793234
vbi 8.12543e-008 -1 1.68777e-007
f 94/94/94/94/94 95/95/95/95/95 96/96/96/96/96
v -0.313281 -1.45768 0.180873
v -0.313281 0.361745 0.180873
v -0.349419 0.361745 0.0936267
vt 0.753336 0.0148693
vt 0.753336 0.479338
vt 0.730717 0.479555
vn -0.923879 4.05929e-009 0.382684
vn -0.923879 4.05929e-009 0.382684
vn -0.923879 4.05929e-009 0.382684
vtan 0.382668 0.00896994 0.923842
vbi 1.22523e-008 -1 4.0187e-008
vtan 0.382668 0.0089712 0.923842
vbi 6.30702e-008 -1 1.62872e-007
vtan 0.382668 0.00896994 0.923842
vbi 1.22523e-008 -1 4.0187e-008
f 97/97/97/97/97 98/98/98/98/98 99/99/99/99/99
v -0.313281 -1.45768 0.180873
v -0.349419 0.361745 0.0936267
v -0.349419 -1.45768 0.0936268
vt 0.753336 0.0148693
vt 0.730717 0.479555
vt 0.730717 0.0150855
vn -0.923879 4.05929e-009 0.382684
vn -0.923879 4.05929e-009 0.382684
vn -0.923879 4.05929e-009 0.382684
vtan 0.382668 0.00896994 0.923842
vbi 1.22523e-008 -1 4.0187e-008
vtan 0.382668 0.00896994 0.923842
vbi 1.22523e-008 -1 4.0187e-008
vtan 0.382668 0.00896994 0.923842
vbi 1.22523e-008 -1 4.0187e-008
f 100/100/100/100/100 101/101/101/101/101 102/102/102/102/102
v -0.349419 -1.45768 0.0936268
v -0.349419 0.361745 0.0936267
v -0.361745 0.361745 1.52367e-007
vt 0.730717 0.0150855
vt 0.730717 0.479555
vt 0.707301 0.479555
vn -0.991445 -6.01144e-009 0.130527
vn -0.991445 -6.01144e-009 0.130527
vn -0.991445 -6.01144e-009 0.130527
vtan 0.130527 -9.27167e-007 0.991445
vbi 2.8882e-008 -1 1.73325e-007
vtan 0.130527 6.38207e-017 0.991445
vbi 1.17893e-008 -1 4.34931e-008
vtan 0.130527 -9.27167e-007 0.991445
vbi 2.8882e-008 -1 1.73325e-007
f 103/103/103/103/103 104/104/104/104/104 105/105/105/105/105
v -0.349419 -1.45768 0.0936268
v -0.361745 0.361745 1.52367e-007
v -0.361745 -1.45768 2.31897e-007
vt 0.730717 0.0150855
vt 0.707301 0.479555
vt 0.707301 0.0150855
vn -0.991445 -6.01144e-009 0.130527
vn -0.991445 -6.01144e-009 0.130527
vn -0.991445 -6.01144e-009 0.130527
vtan 0.130527 -9.27167e-007 0.991445
vbi 2.8882e-008 -1 1.73325e-007
vtan 0.130527 -9.27167e-007 0.991445
vbi 2.8882e-008 -1 1.73325e-007
vtan 0.130527 -9.27167e-007 0.991445
vbi 2.8882e-008 -1 1.73325e-007
f 106/106/106/106/106 107/107/107/107/107 108/108/108/108/108
v -0.361745 -1.45768 2.31897e-007
v -0.361745 0.361745 1.52367e-007
v -0.349419 0.361745 -0.0936264
vt 0.707301 0.0150855
vt 0.707301 0.479555
vt 0.684683 0.479338
vn -0.991445 -6.78156e-009 -0.130526
vn -0.991445 -6.78156e-009 -0.130526
vn -0.991445 -6.78156e-009 -0.130526
vtan -0.13052 -0.00896994 0.991405
vbi 8.66232e-010 -1 4.53761e-008
vtan -0.13052 -0.0089712 0.991405
vbi -1.6786e-008 -1 1.79459e-007
vtan -0.13052 -0.00896994 0.991405
vbi 8.66232e-010 -1 4.53761e-008
f 109/109/109/109/109 110/110/110/110/110 111/111/111/111/111
v -0.361745 -1.45768 2.31897e-007
v -0.349419 0.361745 -0.0936264
v -0.349419 -1.45768 -0.0936263
vt 0.707301 0.0150855
vt 0.684683 0.479338
vt 0.684683 0.0148692
vn -0.991445 -6.78156e-009 -0.130526
vn -0.991445 -6.78156e-009 -0.130526
vn -0.991445 -6.78156e-009 -0.130526
vtan -0.13052 -0.00896994 0.991405
vbi 8.66232e-010 -1 4.53761e-008
vtan -0.13052 -0.00896994 0.991405
vbi 8.66232e-010 -1 4.53761e-008
vtan -0.13052 -0.00896994 0.991405
vbi 8.66232e-010 -1 4.53761e-008
f 112/112/112/112/112 113/113/113/113/113 114/114/114/114/114
v -0.349419 -1.45768 -0.0936263
v -0.349419 0.361745 -0.0936264
v -0.313281 0.361745 -0.180873
vt 0.684683 0.0148692
vt 0.684683 0.479338
vt 0.664403 0.478921
vn -0.92388 -1.59228e-008 -0.382683
vn -0.92388 -1.59228e-008 -0.382683
vn -0.92388 -1.59228e-008 -0.382683
vtan -0.382626 -0.0173312 0.923741
vbi -5.85381e-008 -1 1.82932e-007
vtan -0.382626 -0.0173304 0.923741
vbi -1.21514e-009 -1 4.45419e-008
vtan -0.382626 -0.0173312 0.923741
vbi -5.85381e-008 -1 1.82932e-007
f 115/115/115/115/115 116/116/116/116/116 117/117/117/117/117
v -0.349419 -1.45768 -0.0936263
v -0.313281 0.361745 -0.180873
v -0.313281 -1.45768 -0.180872
vt 0.684683 0.0148692
vt 0.664403 0.478921
vt 0.664403 0.0144514
vn -0.92388 -1.59228e-008 -0.382683
vn -0.92388 -1.59228e-008 -0.382683
vn -0.92388 -1.59228e-008 -0.382683
vtan -0.382626 -0.0173312 0.923741
vbi -5.85381e-008 -1 1.82932e-007
vtan -0.382626 -0.0173312 0.923741
vbi -5.85381e-008 -1 1.82932e-007
vtan -0.382626 -0.0173312 0.923741
vbi -5.85381e-008 -1 1.82932e-007
f 118/118/118/118/118 119/119/119/119/119 120/120/120/120/120
v -0.313281 -1.45768 -0.180872
v -0.313281 0.361745 -0.180873
v -0.255793 0.361745 -0.255792
vt 0.664403 0.0144514
vt 0.664403 0.478921
vt 0.647846 0.47833
vn -0.793354 -2.95084e-008 -0.608761
vn -0.793354 -2.95084e-008 -0.608761
vn -0.793354 -2.95084e-008 -0.608761
vtan -0.608578 -0.0245038 0.793116
vbi -1.15168e-007 -1 1.98563e-007
vtan -0.608578 -0.0245048 0.793116
vbi -1.10108e-007 -1 1.91969e-007
vtan -0.608578 -0.0245038 0.793116
vbi -1.15168e-007 -1 1.98563e-007
f 121/121/121/121/121 122/122/122/122/122 123/123/123/123/123
v -0.313281 -1.45768 -0.180872
v -0.255793 0.361745 -0.255792
v -0.255793 -1.45768 -0.255792
vt 0.664403 0.0144514
vt 0.647846 0.47833
vt 0.647846 0.0138605
vn -0.793354 -2.95084e-008 -0.608761
vn -0.793354 -2.95084e-008 -0.608761
vn -0.793354 -2.95084e-008 -0.608761
vtan -0.608578 -0.0245038 0.793116
vbi -1.15168e-007 -1 1.98563e-007
vtan -0.608578 -0.0245038 0.793116
vbi -1.15168e-007 -1 1.98563e-007
vtan -0.608578 -0.0245038 0.793116
vbi -1.15168e-007 -1 1.98563e-007
f 124/124/124/124/124 125/125/125/125/125 126/126/126/126/126
v -0.255793 -1.45768 -0.255792
v -0.255793 0.361745 -0.255792
v -0.180873 0.361745 -0.313281
vt 0.800525 0.478964
vt 0.800525 0.0144946
vt 0.820804 0.0140768
vn -0.608762 -4.13917e-008 -0.793353
vn -0.608762 -4.13917e-008 -0.793353
vn -0.608762 -4.13917e-008 -0.793353
vtan 0.793234 -0.0173292 -0.60867
vbi -1.21996e-007 1 4.1438e-008
vtan 0.793234 -0.017329 -0.60867
vbi -1.22495e-007 1 4.18208e-008
vtan 0.793234 -0.0173292 -0.60867
vbi -1.21996e-007 1 4.1438e-008
f 127/127/127/127/127 128/128/128/128/128 129/129/129/129/129
v -0.255793 -1.45768 -0.255792
v -0.180873 0.361745 -0.313281
v -0.180873 -1.45768 -0.31328
vt 0.800525 0.478964
vt 0.820804 0.0140768
vt 0.820804 0.478546
vn -0.608762 -4.13917e-008 -0.793353
vn -0.608762 -4.13917e-008 -0.793353
vn -0.608762 -4.13917e-008 -0.793353
vtan 0.793234 -0.0173292 -0.60867
vbi -1.21996e-007 1 4.1438e-008
vtan 0.793234 -0.0173292 -0.60867
vbi -1.21996e-007 1 4.1438e-008
vtan 0.793234 -0.0173292 -0.60867
vbi -1.21996e-007 1 4.1438e-008
f 130/130/130/130/130 131/131/131/131/131 132/132/132/132/132
v -0.244949 0.361745 8.90324e-008
v -0.236603 0.361745 0.0633976
v -0.236603 0.257687 0.0633976
vt 0.938483 0.70054
vt 0.938555 0.716874
vt 0.912768 0.716995
vn 0.991445 1.39965e-007 -0.130527
vn 0.991445 1.39965e-007 -0.130527
vn 0.991445 1.39965e-007 -0.130527
vtan 0.000594619 0.99999 0.00451761
vbi -0.130526 0.00456257 -0.991434
vtan 0.000594626 0.99999 0.00451767
vbi -0.130526 0.00456258 -0.991434
vtan 0.000594619 0.99999 0.00451761
vbi -0.130526 0.00456257 -0.991434
f 133/133/133/133/133 134/134/134/134/134 135/135/135/135/135
v -0.244949 0.361745 8.90324e-008
v -0.236603 0.257687 0.0633976
v -0.244949 0.257687 9.35809e-008
vt 0.938483 0.70054
vt 0.912768 0.716995
vt 0.912696 0.700661
vn 0.991445 1.39965e-007 -0.130527
vn 0.991445 1.39965e-007 -0.130527
vn 0.991445 1.39965e-007 -0.130527
vtan 0.000594619 0.99999 0.00451761
vbi -0.130526 0.00456257 -0.991434
vtan 0.000594619 0.99999 0.00451761
vbi -0.130526 0.00456257 -0.991434
vtan 0.000594619 0.99999 0.00451761
vbi -0.130526 0.00456257 -0.991434
f 136/136/136/136/136 137/137/137/137/137 138/138/138/138/138
v -0.180873 -1.45768 -0.31328
v -0.180873 0.361745 -0.313281
v -0.0936268 0.361745 -0.349419
vt 0.820804 0.478546
vt 0.820804 0.0140768
vt 0.843422 0.0138605
vn -0.382684 -4.61379e-008 -0.923879
vn -0.382684 -4.61379e-008 -0.923879
vn -0.382684 -4.61379e-008 -0.923879
vtan 0.923842 -0.00897215 -0.382669
vbi -1.29728e-007 1 3.79579e-009
vtan 0.923842 -0.00897256 -0.382669
vbi -1.26648e-007 1 2.52023e-009
vtan 0.923842 -0.00897215 -0.382669
vbi -1.29728e-007 1 3.79579e-009
f 139/139/139/139/139 140/140/140/140/140 141/141/141/141/141
v -0.180873 -1.45768 -0.31328
v -0.0936268 0.361745 -0.349419
v -0.0936268 -1.45768 -0.349419
vt 0.820804 0.478546
vt 0.843422 0.0138605
vt 0.843422 0.47833
vn -0.382684 -4.61379e-008 -0.923879
vn -0.382684 -4.61379e-008 -0.923879
vn -0.382684 -4.61379e-008 -0.923879
vtan 0.923842 -0.00897215 -0.382669
vbi -1.29728e-007 1 3.79579e-009
vtan 0.923842 -0.00897215 -0.382669
vbi -1.29728e-007 1 3.79579e-009
vtan 0.923842 -0.00897215 -0.382669
vbi -1.29728e-007 1 3.79579e-009
f 142/142/142/142/142 143/143/143/143/143 144/144/144/144/144
v -0.0936268 -1.45768 -0.349419
v -0.0936268 0.361745 -0.349419
v 0 0.361745 -0.361745
vt 0.843422 0.47833
vt 0.843422 0.0138605
vt 0.866839 0.0138605
vn -0.130526 -4.87839e-008 -0.991445
vn -0.130526 -4.87839e-008 -0.991445
vn -0.130526 -4.87839e-008 -0.991445
vtan 0.991445 5.17914e-016 -0.130526
vbi -1.31137e-007 1 -3.19403e-008
vtan 0.991445 1.03583e-015 -0.130526
vbi -1.30995e-007 1 -3.1959e-008
vtan 0.991445 5.17914e-016 -0.130526
vbi -1.31137e-007 1 -3.19403e-008
f 145/145/145/145/145 146/146/146/146/146 147/147/147/147/147
v -0.0936268 -1.45768 -0.349419
v 0 0.361745 -0.361745
v 0 -1.45768 -0.361745
vt 0.843422 0.47833
vt 0.866839 0.0138605
vt 0.866839 0.47833
vn -0.130526 -4.87839e-008 -0.991445
vn -0.130526 -4.87839e-008 -0.991445
vn -0.130526 -4.87839e-008 -0.991445
vtan 0.991445 5.17914e-016 -0.130526
vbi -1.31137e-007 1 -3.19403e-008
vtan 0.991445 5.17914e-016 -0.130526
vbi -1.31137e-007 1 -3.19403e-008
vtan 0.991445 5.17914e-016 -0.130526
vbi -1.31137e-007 1 -3.19403e-008
f 148/148/148/148/148 149/149/149/149/149 150/150/150/150/150
v 0.0837536 -2.49144 0.0224418
v 0.0750914 -2.49144 0.0433542
v 0.0750915 -2.27717 0.0433542
vt 0.108283 0.92695
vt 0.113144 0.92705
vt 0.113144 0.98175
vn -0.923879 5.04053e-007 -0.382684
vn -0.923879 5.04053e-007 -0.382684
vn -0.923879 5.04053e-007 -0.382684
vtan -0.382627 -0.0173367 0.92374
vbi -6.24491e-007 -1 1.905e-007
vtan -0.382627 -0.0173266 0.923741
vbi -6.89101e-007 -1 3.46482e-007
vtan -0.382627 -0.0173367 0.92374
vbi -6.24491e-007 -1 1.905e-007
f 151/151/151/151/151 152/152/152/152/152 153/153/153/153/153
v 0.0837536 -2.49144 0.0224418
v 0.0750915 -2.27717 0.0433542
v 0.0837537 -2.27717 0.0224418
vt 0.108283 0.92695
vt 0.113144 0.98175
vt 0.108283 0.98165
vn -0.923879 5.04053e-007 -0.382684
vn -0.923879 5.04053e-007 -0.382684
vn -0.923879 5.04053e-007 -0.382684
vtan -0.382627 -0.0173367 0.92374
vbi -6.24491e-007 -1 1.905e-007
vtan -0.382627 -0.0173367 0.92374
vbi -6.24491e-007 -1 1.905e-007
vtan -0.382627 -0.0173367 0.92374
vbi -6.24491e-007 -1 1.905e-007
f 154/154/154/154/154 155/155/155/155/155 156/156/156/156/156
v 9.66131e-009 0.361745 -0.311503
v 0.0806229 0.361745 -0.300889
v 0.0936266 0.361745 -0.349419
vt 0.36784 0.8314
vt 0.353582 0.846088
vt 0.343698 0.838276
vn 7.80922e-008 1 -8.51034e-007
vn 7.80922e-008 1 -8.51034e-007
vn 7.80922e-008 1 -8.51034e-007
vtan -0.793353 3.66037e-007 0.608762
vbi -0.608761 -4.34267e-007 -0.793353
vtan -0.793353 3.75532e-007 0.608762
vbi -0.608762 -4.2698e-007 -0.793353
vtan -0.793353 3.75532e-007 0.608762
vbi -0.608762 -4.26981e-007 -0.793353
f 157/157/157/157/157 158/158/158/158/158 159/159/159/159/159
v 9.66131e-009 0.361745 -0.311503
v 0.0936266 0.361745 -0.349419
v 0 0.361745 -0.361745
vt 0.36784 0.8314
vt 0.343698 0.838276
vt 0.360256 0.821219
vn 7.80922e-008 1 -8.51034e-007
vn 7.80922e-008 1 -8.51034e-007
vn 7.80922e-008 1 -8.51034e-007
vtan -0.793353 3.66037e-007 0.608762
vbi -0.608761 -4.34267e-007 -0.793353
vtan -0.793353 3.75532e-007 0.608762
vbi -0.608762 -4.26981e-007 -0.793353
vtan -0.793353 3.66037e-007 0.608762
vbi -0.608762 -4.34267e-007 -0.793353
f 160/160/160/160/160 161/161/161/161/161 162/162/162/162/162
v 0.0806229 0.361745 -0.300889
v 0.155751 0.361745 -0.269769
v 0.180873 0.361745 -0.313281
vt 0.353582 0.846088
vt 0.3435 0.864077
vt 0.33199 0.859166
vn -4.21846e-008 1 0
vn -4.21846e-008 1 0
vn -4.21846e-008 1 0
vtan -0.793353 3.75532e-007 0.608762
vbi -0.608762 -4.2698e-007 -0.793353
vtan -0.793354 -2.23115e-008 0.608761
vbi -0.608762 -1.71202e-008 -0.793353
vtan -0.793354 -2.23115e-008 0.608761
vbi -0.608762 -1.71202e-008 -0.793353
f 163/163/163/163/163 164/164/164/164/164 165/165/165/165/165
v 0.0806229 0.361745 -0.300889
v 0.180873 0.361745 -0.313281
v 0.0936266 0.361745 -0.349419
vt 0.353582 0.846088
vt 0.33199 0.859166
vt 0.343698 0.838276
vn -4.21846e-008 1 0
vn -4.21846e-008 1 0
vn -4.21846e-008 1 0
vtan -0.793353 3.75532e-007 0.608762
vbi -0.608762 -4.2698e-007 -0.793353
vtan -0.793354 -2.23115e-008 0.608761
vbi -0.608762 -1.71202e-008 -0.793353
vtan -0.793353 3.75532e-007 0.608762
vbi -0.608762 -4.26981e-007 -0.793353
f 166/166/166/166/166 167/167/167/167/167 168/168/168/168/168
v 0.155751 0.361745 -0.269769
v 0.220266 0.361745 -0.220266
v 0.255793 0.361745 -0.255793
vt 0.3435 0.864077
vt 0.338281 0.884141
vt 0.325929 0.882466
vn 0 1 0
vn 0 1 0
vn 0 1 0
vtan -0.793354 -2.23115e-008 0.608761
vbi -0.608762 -1.71202e-008 -0.793353
vtan -0.793352 0 0.608763
vbi -0.608761 0 -0.793354
vtan -0.793353 0 0.608761
vbi -0.608762 0 -0.793353
f 169/169/169/169/169 170/170/170/170/170 171/171/171/171/171
v 0.155751 0.361745 -0.269769
v 0.255793 0.361745 -0.255793
v 0.180873 0.361745 -0.313281
vt 0.3435 0.864077
vt 0.325929 0.882466
vt 0.33199 0.859166
vn 0 1 0
vn 0 1 0
vn 0 1 0
vtan -0.793354 -2.23115e-008 0.608761
vbi -0.608762 -1.71202e-008 -0.793353
vtan -0.793353 0 0.608761
vbi -0.608762 0 -0.793353
vtan -0.793354 -2.23115e-008 0.608761
vbi -0.608762 -1.71202e-008 -0.793353
f 172/172/172/172/172 173/173/173/173/173 174/174/174/174/174
v 0.220266 0.361745 -0.220266
v 0.269769 0.361745 -0.155751
v 0.313281 0.361745 -0.180873
vt 0.338281 0.884141
vt 0.338281 0.904913
vt 0.325929 0.906588
vn 0 1 0
vn 0 1 0
vn 0 1 0
vtan -0.793352 0 0.608763
vbi -0.608761 0 -0.793354
vtan -0.793354 4.3173e-008 0.60876
vbi -0.608761 -5.62642e-008 -0.793354
vtan -0.793353 4.3173e-008 0.608762
vbi -0.608761 -5.62642e-008 -0.793354
f 175/175/175/175/175 176/176/176/176/176 177/177/177/177/177
v 0.220266 0.361745 -0.220266
v 0.313281 0.361745 -0.180873
v 0.255793 0.361745 -0.255793
vt 0.338281 0.884141
vt 0.325929 0.906588
vt 0.325929 0.882466
vn 0 1 0
vn 0 1 0
vn 0 1 0
vtan -0.793352 0 0.608763
vbi -0.608761 0 -0.793354
vtan -0.793353 4.3173e-008 0.608762
vbi -0.608761 -5.62642e-008 -0.793354
vtan -0.793353 0 0.608761
vbi -0.608762 0 -0.793353
f 178/178/178/178/178 179/179/179/179/179 180/180/180/180/180
v 0.269769 0.361745 -0.155751
v 0.300889 0.361745 -0.0806229
v 0.349419 0.361745 -0.0936266
vt 0.338281 0.904913
vt 0.3435 0.924977
vt 0.33199 0.929888
vn 0 1 -2.12759e-007
vn 0 1 -2.12759e-007
vn 0 1 -2.12759e-007
vtan -0.793354 4.3173e-008 0.60876
vbi -0.608761 -5.62642e-008 -0.793354
vtan -0.793352 4.31732e-008 0.608763
vbi -0.608762 -5.62642e-008 -0.793353
vtan -0.793354 4.31728e-008 0.608761
vbi -0.608762 -5.62642e-008 -0.793353
f 181/181/181/181/181 182/182/182/182/182 183/183/183/183/183
v 0.269769 0.361745 -0.155751
v 0.349419 0.361745 -0.0936266
v 0.313281 0.361745 -0.180873
vt 0.338281 0.904913
vt 0.33199 0.929888
vt 0.325929 0.906588
vn 0 1 -2.12759e-007
vn 0 1 -2.12759e-007
vn 0 1 -2.12759e-007
vtan -0.793354 4.3173e-008 0.60876
vbi -0.608761 -5.62642e-008 -0.793354
vtan -0.793354 4.31728e-008 0.608761
vbi -0.608762 -5.62642e-008 -0.793353
vtan -0.793353 4.3173e-008 0.608762
vbi -0.608761 -5.62642e-008 -0.793354
f 184/184/184/184/184 185/185/185/185/185 186/186/186/186/186
v 0.300889 0.361745 -0.0806229
v 0.311503 0.361745 -3.71809e-008
v 0.361745 0.361745 -4.31234e-008
vt 0.3435 0.924977
vt 0.353582 0.942966
vt 0.343698 0.950778
vn 0 1 2.12759e-007
vn 0 1 2.12759e-007
vn 0 1 2.12759e-007
vtan -0.793352 4.31732e-008 0.608763
vbi -0.608762 -5.62642e-008 -0.793353
vtan -0.793353 -2.15867e-008 0.608762
vbi -0.608762 2.81322e-008 -0.793353
vtan -0.793353 -2.15867e-008 0.608762
vbi -0.608762 2.81322e-008 -0.793353
f 187/187/187/187/187 188/188/188/188/188 189/189/189/189/189
v 0.300889 0.361745 -0.0806229
v 0.361745 0.361745 -4.31234e-008
v 0.349419 0.361745 -0.0936266
vt 0.3435 0.924977
vt 0.343698 0.950778
vt 0.33199 0.929888
vn 0 1 2.12759e-007
vn 0 1 2.12759e-007
vn 0 1 2.12759e-007
vtan -0.793352 4.31732e-008 0.608763
vbi -0.608762 -5.62642e-008 -0.793353
vtan -0.793353 -2.15867e-008 0.608762
vbi -0.608762 2.81322e-008 -0.793353
vtan -0.793354 4.31728e-008 0.608761
vbi -0.608762 -5.62642e-008 -0.793353
f 190/190/190/190/190 191/191/191/191/191 192/192/192/192/192
v 0.311503 0.361745 -3.71809e-008
v 0.300889 0.361745 0.0806228
v 0.349419 0.361745 0.0936265
vt 0.353582 0.942966
vt 0.36784 0.957654
vt 0.360256 0.967835
vn 0 1 -3.19138e-007
vn 0 1 -3.19138e-007
vn 0 1 -3.19138e-007
vtan -0.793353 -2.15867e-008 0.608762
vbi -0.608762 2.81322e-008 -0.793353
vtan -0.793352 4.31732e-008 0.608764
vbi -0.608762 -5.62641e-008 -0.793353
vtan -0.793353 4.31728e-008 0.608762
vbi -0.608762 -5.62641e-008 -0.793353
f 193/193/193/193/193 194/194/194/194/194 195/195/195/195/195
v 0.311503 0.361745 -3.71809e-008
v 0.349419 0.361745 0.0936265
v 0.361745 0.361745 -4.31234e-008
vt 0.353582 0.942966
vt 0.360256 0.967835
vt 0.343698 0.950778
vn 0 1 -3.19138e-007
vn 0 1 -3.19138e-007
vn 0 1 -3.19138e-007
vtan -0.793353 -2.15867e-008 0.608762
vbi -0.608762 2.81322e-008 -0.793353
vtan -0.793353 4.31728e-008 0.608762
vbi -0.608762 -5.62641e-008 -0.793353
vtan -0.793353 -2.15867e-008 0.608762
vbi -0.608762 2.81322e-008 -0.793353
f 196/196/196/196/196 197/197/197/197/197 198/198/198/198/198
v 0.300889 0.361745 0.0806228
v 0.269769 0.361745 0.155751
v 0.313281 0.361745 0.180873
vt 0.36784 0.957654
vt 0.385302 0.968039
vt 0.380535 0.979896
vn 0 1 4.25517e-007
vn 0 1 4.25517e-007
vn 0 1 4.25517e-007
vtan -0.793352 4.31732e-008 0.608764
vbi -0.608762 -5.62641e-008 -0.793353
vtan -0.793355 -8.63454e-008 0.608759
vbi -0.60876 1.12528e-007 -0.793354
vtan -0.793353 -8.63468e-008 0.608762
vbi -0.608761 1.12528e-007 -0.793354
f 199/199/199/199/199 200/200/200/200/200 201/201/201/201/201
v 0.300889 0.361745 0.0806228
v 0.313281 0.361745 0.180873
v 0.349419 0.361745 0.0936265
vt 0.36784 0.957654
vt 0.380535 0.979896
vt 0.360256 0.967835
vn 0 1 4.25517e-007
vn 0 1 4.25517e-007
vn 0 1 4.25517e-007
vtan -0.793352 4.31732e-008 0.608764
vbi -0.608762 -5.62641e-008 -0.793353
vtan -0.793353 -8.63468e-008 0.608762
vbi -0.608761 1.12528e-007 -0.793354
vtan -0.793353 4.31728e-008 0.608762
vbi -0.608762 -5.62641e-008 -0.793353
f 202/202/202/202/202 203/203/203/203/203 204/204/204/204/204
v 0.269769 0.361745 0.155751
v 0.220266 0.361745 0.220266
v 0.255793 0.361745 0.255792
vt 0.385302 0.968039
vt 0.404779 0.973416
vt 0.403153 0.98614
vn 0 1 -4.25517e-007
vn 0 1 -4.25517e-007
vn 0 1 -4.25517e-007
vtan -0.793355 -8.63454e-008 0.608759
vbi -0.60876 1.12528e-007 -0.793354
vtan -0.793352 1.72693e-007 0.608763
vbi -0.608762 -2.25057e-007 -0.793353
vtan -0.793354 1.72692e-007 0.60876
vbi -0.608761 -2.25057e-007 -0.793354
f 205/205/205/205/205 206/206/206/206/206 207/207/207/207/207
v 0.269769 0.361745 0.155751
v 0.255793 0.361745 0.255792
v 0.313281 0.361745 0.180873
vt 0.385302 0.968039
vt 0.403153 0.98614
vt 0.380535 0.979896
vn 0 1 -4.25517e-007
vn 0 1 -4.25517e-007
vn 0 1 -4.25517e-007
vtan -0.793355 -8.63454e-008 0.608759
vbi -0.60876 1.12528e-007 -0.793354
vtan -0.793354 1.72692e-007 0.60876
vbi -0.608761 -2.25057e-007 -0.793354
vtan -0.793353 -8.63468e-008 0.608762
vbi -0.608761 1.12528e-007 -0.793354
f 208/208/208/208/208 209/209/209/209/209 210/210/210/210/210
v 0.220266 0.361745 0.220266
v 0.155751 0.361745 0.269769
v 0.180873 0.361745 0.313281
vt 0.404779 0.973416
vt 0.424943 0.973416
vt 0.42657 0.98614
vn 0 1 0
vn 0 1 0
vn 0 1 0
vtan -0.793352 1.72693e-007 0.608763
vbi -0.608762 -2.25057e-007 -0.793353
vtan -0.793353 1.11557e-008 0.608761
vbi -0.608763 8.56007e-009 -0.793352
vtan -0.793353 1.11557e-008 0.608761
vbi -0.608763 8.56007e-009 -0.793352
f 211/211/211/211/211 212/212/212/212/212 213/213/213/213/213
v 0.220266 0.361745 0.220266
v 0.180873 0.361745 0.313281
v 0.255793 0.361745 0.255792
vt 0.404779 0.973416
vt 0.42657 0.98614
vt 0.403153 0.98614
vn 0 1 0
vn 0 1 0
vn 0 1 0
vtan -0.793352 1.72693e-007 0.608763
vbi -0.608762 -2.25057e-007 -0.793353
vtan -0.793353 1.11557e-008 0.608761
vbi -0.608763 8.56007e-009 -0.793352
vtan -0.793354 1.72692e-007 0.60876
vbi -0.608761 -2.25057e-007 -0.793354
f 214/214/214/214/214 215/215/215/215/215 216/216/216/216/216
v 0.155751 0.361745 0.269769
v 0.080623 0.361745 0.300889
v 0.0936267 0.361745 0.349419
vt 0.424943 0.973416
vt 0.44442 0.968039
vt 0.449188 0.979896
vn 4.21842e-008 1 0
vn 4.21842e-008 1 0
vn 4.21842e-008 1 0
vtan -0.793353 1.11557e-008 0.608761
vbi -0.608763 8.56007e-009 -0.793352
vtan -0.793354 1.74352e-007 0.608761
vbi -0.608762 -2.23783e-007 -0.793353
vtan -0.793354 1.74352e-007 0.608761
vbi -0.608763 -2.23783e-007 -0.793352
f 217/217/217/217/217 218/218/218/218/218 219/219/219/219/219
v 0.155751 0.361745 0.269769
v 0.0936267 0.361745 0.349419
v 0.180873 0.361745 0.313281
vt 0.424943 0.973416
vt 0.449188 0.979896
vt 0.42657 0.98614
vn 4.21842e-008 1 0
vn 4.21842e-008 1 0
vn 4.21842e-008 1 0
vtan -0.793353 1.11557e-008 0.608761
vbi -0.608763 8.56007e-009 -0.793352
vtan -0.793354 1.74352e-007 0.608761
vbi -0.608763 -2.23783e-007 -0.793352
vtan -0.793353 1.11557e-008 0.608761
vbi -0.608763 8.56007e-009 -0.793352
f 220/220/220/220/220 221/221/221/221/221 222/222/222/222/222
v 0.080623 0.361745 0.300889
v 1.23666e-007 0.361745 0.311503
v 1.40869e-007 0.361745 0.361745
vt 0.44442 0.968039
vt 0.461883 0.957654
vt 0.469467 0.967835
vn -7.80922e-008 1 -8.51034e-007
vn -7.80922e-008 1 -8.51034e-007
vn -7.80922e-008 1 -8.51034e-007
vtan -0.793354 1.74352e-007 0.608761
vbi -0.608762 -2.23783e-007 -0.793353
vtan -0.793353 3.24733e-007 0.608762
vbi -0.608761 -4.6596e-007 -0.793353
vtan -0.793353 3.24733e-007 0.608762
vbi -0.608761 -4.6596e-007 -0.793353
f 223/223/223/223/223 224/224/224/224/224 225/225/225/225/225
v 0.080623 0.361745 0.300889
v 1.40869e-007 0.361745 0.361745
v 0.0936267 0.361745 0.349419
vt 0.44442 0.968039
vt 0.469467 0.967835
vt 0.449188 0.979896
vn -7.80922e-008 1 -8.51034e-007
vn -7.80922e-008 1 -8.51034e-007
vn -7.80922e-008 1 -8.51034e-007
vtan -0.793354 1.74352e-007 0.608761
vbi -0.608762 -2.23783e-007 -0.793353
vtan -0.793353 3.24733e-007 0.608762
vbi -0.608761 -4.6596e-007 -0.793353
vtan -0.793354 1.74352e-007 0.608761
vbi -0.608763 -2.23783e-007 -0.793352
f 226/226/226/226/226 227/227/227/227/227 228/228/228/228/228
v 1.23666e-007 0.361745 0.311503
v -0.0806227 0.361745 0.300889
v -0.0936264 0.361745 0.349419
vt 0.461883 0.957654
vt 0.476141 0.942966
vt 0.486025 0.950778
vn 7.80918e-008 1 0
vn 7.80918e-008 1 0
vn 7.80918e-008 1 0
vtan -0.793353 3.24733e-007 0.608762
vbi -0.608761 -4.6596e-007 -0.793353
vtan -0.793354 3.01472e-008 0.608761
vbi -0.608762 2.31328e-008 -0.793353
vtan -0.793353 3.01472e-008 0.608761
vbi -0.608761 2.31327e-008 -0.793353
f 229/229/229/229/229 230/230/230/230/230 231/231/231/231/231
v 1.23666e-007 0.361745 0.311503
v -0.0936264 0.361745 0.349419
v 1.40869e-007 0.361745 0.361745
vt 0.461883 0.957654
vt 0.486025 0.950778
vt 0.469467 0.967835
vn 7.80918e-008 1 0
vn 7.80918e-008 1 0
vn 7.80918e-008 1 0
vtan -0.793353 3.24733e-007 0.608762
vbi -0.608761 -4.6596e-007 -0.793353
vtan -0.793353 3.01472e-008 0.608761
vbi -0.608761 2.31327e-008 -0.793353
vtan -0.793353 3.24733e-007 0.608762
vbi -0.608761 -4.6596e-007 -0.793353
f 232/232/232/232/232 233/233/233/233/233 234/234/234/234/234
v -0.0806227 0.361745 0.300889
v -0.155751 0.361745 0.269769
v -0.180873 0.361745 0.313281
vt 0.476141 0.942966
vt 0.486223 0.924977
vt 0.497733 0.929888
vn -4.21846e-008 1 0
vn -4.21846e-008 1 0
vn -4.21846e-008 1 0
vtan -0.793354 3.01472e-008 0.608761
