v -0.111395 0.299007 0.111395
v 0.111395 0.299007 -0.111395
v 0.111395 0.374218 -0.111395
vt 9.998e-005 0.79994
vt 0.9999 0.79994
vt 0.9999 0.9999
vn 0.707107 3.09086e-008 0.707107
vn 0.707107 3.09086e-008 0.707107
vn 0.707107 3.09086e-008 0.707107
vtan 0.707107 -4.10326e-007 -0.707107
vbi 0 -1 4.37114e-008
vtan 0.707107 -3.14279e-007 -0.707107
vbi 0 -1 4.37114e-008
vtan 0.707107 -4.59601e-007 -0.707107
vbi 0 -1 4.37114e-008
f 1/1/1/1/1 2/2/2/2/2 3/3/3/3/3
v -0.111395 0.299007 0.111395
v 0.111395 0.374218 -0.111395
v -0.111395 0.374218 0.111395
vt 9.998e-005 0.79994
vt 0.9999 0.9999
vt 9.998e-005 0.9999
vn 0.707107 3.09086e-008 0.707107
vn 0.707107 3.09086e-008 0.707107
vn 0.707107 3.09086e-008 0.707107
vtan 0.707107 -4.10326e-007 -0.707107
vbi 0 -1 4.37114e-008
vtan 0.707107 -4.59601e-007 -0.707107
vbi 0 -1 4.37114e-008
vtan 0.707107 -4.59601e-007 -0.707107
vbi 0 -1 4.37114e-008
f 4/4/4/4/4 5/5/5/5/5 6/6/6/6/6
v -0.111395 -0.00183736 0.111395
v 0.111395 -0.00183737 -0.111395
v 0.111395 0.0733737 -0.111395
vt 9.998e-005 9.998e-005
vt 0.9999 9.998e-005
vt 0.9999 0.20006
vn 0.707107 3.09086e-008 0.707107
vn 0.707107 3.09086e-008 0.707107
vn 0.707107 3.09086e-008 0.707107
vtan 0.707107 -1.04821e-007 -0.707107
vbi 0 -1 4.37114e-008
vtan 0.707107 -3.09086e-008 -0.707107
vbi 0 -1 4.37114e-008
vtan 0.707107 -1.03902e-007 -0.707107
vbi 0 -1 4.37114e-008
f 7/7/7/7/7 8/8/8/8/8 9/9/9/9/9
v -0.111395 -0.00183736 0.111395
v 0.111395 0.0733737 -0.111395
v -0.111395 0.0733737 0.111395
vt 9.998e-005 9.998e-005
vt 0.9999 0.20006
vt 9.998e-005 0.20006
vn 0.707107 3.09086e-008 0.707107
vn 0.707107 3.09086e-008 0.707107
vn 0.707107 3.09086e-008 0.707107
vtan 0.707107 -1.04821e-007 -0.707107
vbi 0 -1 4.37114e-008
vtan 0.707107 -1.03902e-007 -0.707107
vbi 0 -1 4.37114e-008
vtan 0.707107 -1.24531e-007 -0.707107
vbi 0 -1 4.37114e-008
f 10/10/10/10/10 11/11/11/11/11 12/12/12/12/12
v -0.111395 0.0733737 0.111395
v 0.111395 0.0733737 -0.111395
v 0.111395 0.148585 -0.111395
vt 9.998e-005 0.20006
vt 0.9999 0.20006
vt 0.9999 0.40002
vn 0.707107 3.09086e-008 0.707107
vn 0.707107 3.09086e-008 0.707107
vn 0.707107 3.09086e-008 0.707107
vtan 0.707107 -1.24531e-007 -0.707107
vbi 0 -1 4.37114e-008
vtan 0.707107 -1.03902e-007 -0.707107
vbi 0 -1 4.37114e-008
vtan 0.707107 -1.67041e-007 -0.707107
vbi -4.95312e-008 -1 -5.8198e-009
f 13/13/13/13/13 14/14/14/14/14 15/15/15/15/15
v -0.111395 0.0733737 0.111395
v 0.111395 0.148585 -0.111395
v -0.111395 0.148585 0.111395
vt 9.998e-005 0.20006
vt 0.9999 0.40002
vt 9.998e-005 0.40002
vn 0.707107 3.09086e-008 0.707107
vn 0.707107 3.09086e-008 0.707107
vn 0.707107 3.09086e-008 0.707107
vtan 0.707107 -1.24531e-007 -0.707107
vbi 0 -1 4.37114e-008
vtan 0.707107 -1.67041e-007 -0.707107
vbi -4.95312e-008 -1 -5.8198e-009
vtan 0.707107 -1.88589e-007 -0.707107
vbi -3.30208e-008 -1 -2.23302e-008
f 16/16/16/16/16 17/17/17/17/17 18/18/18/18/18
v -0.111395 0.148585 0.111395
v 0.111395 0.148585 -0.111395
v 0.111395 0.223796 -0.111395
vt 9.998e-005 0.40002
vt 0.9999 0.40002
vt 0.9999 0.59998
vn 0.707107 -1.79234e-007 0.707107
vn 0.707107 -1.79234e-007 0.707107
vn 0.707107 -1.79234e-007 0.707107
vtan 0.707107 -1.88589e-007 -0.707107
vbi -3.30208e-008 -1 -2.23302e-008
vtan 0.707107 -1.67041e-007 -0.707107
vbi -4.95312e-008 -1 -5.8198e-009
vtan 0.707107 -2.40034e-007 -0.707107
vbi -6.60416e-008 -1 -8.83718e-008
f 19/19/19/19/19 20/20/20/20/20 21/21/21/21/21
v -0.111395 0.148585 0.111395
v 0.111395 0.223796 -0.111395
v -0.111395 0.223796 0.111395
vt 9.998e-005 0.40002
vt 0.9999 0.59998
vt 9.998e-005 0.59998
vn 0.707107 -1.79234e-007 0.707107
vn 0.707107 -1.79234e-007 0.707107
vn 0.707107 -1.79234e-007 0.707107
vtan 0.707107 -1.88589e-007 -0.707107
vbi -3.30208e-008 -1 -2.23302e-008
vtan 0.707107 -2.40034e-007 -0.707107
vbi -6.60416e-008 -1 -8.83718e-008
vtan 0.707107 -2.62501e-007 -0.707107
vbi -6.60416e-008 -1 -8.83718e-008
f 22/22/22/22/22 23/23/23/23/23 24/24/24/24/24
v -0.111395 0.223796 0.111395
v 0.111395 0.223796 -0.111395
v 0.111395 0.299007 -0.111395
vt 9.998e-005 0.59998
vt 0.9999 0.59998
vt 0.9999 0.79994
vn 0.707107 3.09086e-008 0.707107
vn 0.707107 3.09086e-008 0.707107
vn 0.707107 3.09086e-008 0.707107
vtan 0.707107 -2.62501e-007 -0.707107
vbi -6.60416e-008 -1 -8.83718e-008
vtan 0.707107 -2.40034e-007 -0.707107
vbi -6.60416e-008 -1 -8.83718e-008
vtan 0.707107 -3.14279e-007 -0.707107
vbi 0 -1 4.37114e-008
f 25/25/25/25/25 26/26/26/26/26 27/27/27/27/27
v -0.111395 0.223796 0.111395
v 0.111395 0.299007 -0.111395
v -0.111395 0.299007 0.111395
vt 9.998e-005 0.59998
vt 0.9999 0.79994
vt 9.998e-005 0.79994
vn 0.707107 3.09086e-008 0.707107
vn 0.707107 3.09086e-008 0.707107
vn 0.707107 3.09086e-008 0.707107
vtan 0.707107 -2.62501e-007 -0.707107
vbi -6.60416e-008 -1 -8.83718e-008
vtan 0.707107 -3.14279e-007 -0.707107
vbi 0 -1 4.37114e-008
vtan 0.707107 -4.10326e-007 -0.707107
vbi 0 -1 4.37114e-008
f 28/28/28/28/28 29/29/29/29/29 30/30/30/30/30
v 0.111395 0.299007 -0.111395
v -0.111395 0.299007 0.111395
v -0.111395 0.374218 0.111395
vt 9.998e-005 0.79994
vt 0.9999 0.79994
vt 0.9999 0.9999
vn -0.707107 -1.3598e-007 -0.707107
vn -0.707107 -1.3598e-007 -0.707107
vn -0.707107 -1.3598e-007 -0.707107
vtan -0.707107 -3.48509e-007 0.707107
vbi 1.07318e-007 -1 8.49873e-008
vtan -0.707107 -2.52462e-007 0.707107
vbi 4.1276e-008 -1 1.51029e-007
vtan -0.707107 -3.97784e-007 0.707107
vbi 1.73359e-007 -1 1.89458e-008
f 31/31/31/31/31 32/32/32/32/32 33/33/33/33/33
v 0.111395 0.299007 -0.111395
v -0.111395 0.374218 0.111395
v 0.111395 0.374218 -0.111395
vt 9.998e-005 0.79994
vt 0.9999 0.9999
vt 9.998e-005 0.9999
vn -0.707107 -1.3598e-007 -0.707107
vn -0.707107 -1.3598e-007 -0.707107
vn -0.707107 -1.3598e-007 -0.707107
vtan -0.707107 -3.48509e-007 0.707107
vbi 1.07318e-007 -1 8.49873e-008
vtan -0.707107 -3.97784e-007 0.707107
vbi 1.73359e-007 -1 1.89458e-008
vtan -0.707107 -3.97784e-007 0.707107
vbi 1.73359e-007 -1 1.89458e-008
f 34/34/34/34/34 35/35/35/35/35 36/36/36/36/36
v 0.111395 -0.00183737 -0.111395
v -0.111395 -0.00183736 0.111395
v -0.111395 0.0733737 0.111395
vt 9.998e-005 9.998e-005
vt 0.9999 9.998e-005
vt 0.9999 0.20006
vn -0.707107 -1.71004e-007 -0.707107
vn -0.707107 -1.71004e-007 -0.707107
vn -0.707107 -1.71004e-007 -0.707107
vtan -0.707107 -4.30039e-008 0.707107
vbi 9.90624e-008 -1 1.42774e-007
vtan -0.707107 3.09086e-008 0.707107
vbi 2.97227e-007 -1 -5.53906e-008
vtan -0.707106 -4.20849e-008 0.707107
vbi 4.95246e-008 -1 1.59291e-007
f 37/37/37/37/37 38/38/38/38/38 39/39/39/39/39
v 0.111395 -0.00183737 -0.111395
v -0.111395 0.0733737 0.111395
v 0.111395 0.0733737 -0.111395
vt 9.998e-005 9.998e-005
vt 0.9999 0.20006
vt 9.998e-005 0.20006
vn -0.707107 -1.71004e-007 -0.707107
vn -0.707107 -1.71004e-007 -0.707107
vn -0.707107 -1.71004e-007 -0.707107
vtan -0.707107 -4.30039e-008 0.707107
vbi 9.90624e-008 -1 1.42774e-007
vtan -0.707106 -4.20849e-008 0.707107
vbi 4.95246e-008 -1 1.59291e-007
vtan -0.707106 -6.27139e-008 0.707107
vbi 8.2552e-008 -1 1.26263e-007
f 40/40/40/40/40 41/41/41/41/41 42/42/42/42/42
v 0.111395 0.0733737 -0.111395
v -0.111395 0.0733737 0.111395
v -0.111395 0.148585 0.111395
vt 9.998e-005 0.20006
vt 0.9999 0.20006
vt 0.9999 0.40002
vn -0.707107 -1.00956e-007 -0.707107
vn -0.707107 -1.00956e-007 -0.707107
vn -0.707107 -1.00956e-007 -0.707107
vtan -0.707106 -6.27139e-008 0.707107
vbi 8.2552e-008 -1 1.26263e-007
vtan -0.707106 -4.20849e-008 0.707107
vbi 4.95246e-008 -1 1.59291e-007
vtan -0.707107 -1.05223e-007 0.707107
vbi 3.30208e-008 -1 7.67321e-008
f 43/43/43/43/43 44/44/44/44/44 45/45/45/45/45
v 0.111395 0.0733737 -0.111395
v -0.111395 0.148585 0.111395
v 0.111395 0.148585 -0.111395
vt 9.998e-005 0.20006
vt 0.9999 0.40002
vt 9.998e-005 0.40002
vn -0.707107 -1.00956e-007 -0.707107
vn -0.707107 -1.00956e-007 -0.707107
vn -0.707107 -1.00956e-007 -0.707107
vtan -0.707106 -6.27139e-008 0.707107
vbi 8.2552e-008 -1 1.26263e-007
vtan -0.707107 -1.05223e-007 0.707107
vbi 3.30208e-008 -1 7.67321e-008
vtan -0.707106 -1.26771e-007 0.707107
vbi 3.30208e-008 -1 7.67321e-008
f 46/46/46/46/46 47/47/47/47/47 48/48/48/48/48
v 0.111395 0.148585 -0.111395
v -0.111395 0.148585 0.111395
v -0.111395 0.223796 0.111395
vt 9.998e-005 0.40002
vt 0.9999 0.40002
vt 0.9999 0.59998
vn -0.707107 -3.09086e-008 -0.707107
vn -0.707107 -3.09086e-008 -0.707107
vn -0.707107 -3.09086e-008 -0.707107
vtan -0.707106 -1.26771e-007 0.707107
vbi 3.30208e-008 -1 7.67321e-008
vtan -0.707107 -1.05223e-007 0.707107
vbi 3.30208e-008 -1 7.67321e-008
vtan -0.707107 -1.78217e-007 0.707107
vbi 5.77929e-008 -1 3.54496e-008
f 49/49/49/49/49 50/50/50/50/50 51/51/51/51/51
v 0.111395 0.148585 -0.111395
v -0.111395 0.223796 0.111395
v 0.111395 0.223796 -0.111395
vt 9.998e-005 0.40002
vt 0.9999 0.59998
vt 9.998e-005 0.59998
vn -0.707107 -3.09086e-008 -0.707107
vn -0.707107 -3.09086e-008 -0.707107
vn -0.707107 -3.09086e-008 -0.707107
vtan -0.707106 -1.26771e-007 0.707107
vbi 3.30208e-008 -1 7.67321e-008
vtan -0.707107 -1.78217e-007 0.707107
vbi 5.77929e-008 -1 3.54496e-008
vtan -0.707107 -2.00684e-007 0.707107
vbi -8.25519e-009 -1 1.01498e-007
f 52/52/52/52/52 53/53/53/53/53 54/54/54/54/54
v 0.111395 0.223796 -0.111395
v -0.111395 0.223796 0.111395
v -0.111395 0.299007 0.111395
vt 9.998e-005 0.59998
vt 0.9999 0.59998
vt 0.9999 0.79994
vn -0.707107 -1.3598e-007 -0.707107
vn -0.707107 -1.3598e-007 -0.707107
vn -0.707107 -1.3598e-007 -0.707107
vtan -0.707107 -2.00684e-007 0.707107
vbi -8.25519e-009 -1 1.01498e-007
vtan -0.707107 -1.78217e-007 0.707107
vbi 5.77929e-008 -1 3.54496e-008
vtan -0.707107 -2.52462e-007 0.707107
vbi 4.1276e-008 -1 1.51029e-007
f 55/55/55/55/55 56/56/56/56/56 57/57/57/57/57
v 0.111395 0.223796 -0.111395
v -0.111395 0.299007 0.111395
v 0.111395 0.299007 -0.111395
vt 9.998e-005 0.59998
vt 0.9999 0.79994
vt 9.998e-005 0.79994
vn -0.707107 -1.3598e-007 -0.707107
vn -0.707107 -1.3598e-007 -0.707107
vn -0.707107 -1.3598e-007 -0.707107
vtan -0.707107 -2.00684e-007 0.707107
vbi -8.25519e-009 -1 1.01498e-007
vtan -0.707107 -2.52462e-007 0.707107
vbi 4.1276e-008 -1 1.51029e-007
vtan -0.707107 -3.48509e-007 0.707107
vbi 1.07318e-007 -1 8.49873e-008
f 58/58/58/58/58 59/59/59/59/59 60/60/60/60/60
v -0.111395 0.299007 -0.111395
v 0.111395 0.299007 0.111395
v 0.111395 0.374218 0.111395
vt 9.998e-005 0.79994
vt 0.9999 0.79994
vt 0.9999 0.9999
vn -0.707107 -7.41629e-008 0.707107
vn -0.707107 -7.41629e-008 0.707107
vn -0.707107 -7.41629e-008 0.707107
vtan 0.707107 -3.48509e-007 0.707107
vbi 1.48594e-007 -1 6.02218e-008
vtan 0.707107 -2.52462e-007 0.707107
vbi 8.25519e-008 -1 -5.81978e-009
vtan 0.707107 -3.97784e-007 0.707107
vbi 1.73359e-007 -1 6.8477e-008
f 61/61/61/61/61 62/62/62/62/62 63/63/63/63/63
v -0.111395 0.299007 -0.111395
v 0.111395 0.374218 0.111395
v -0.111395 0.374218 -0.111395
vt 9.998e-005 0.79994
vt 0.9999 0.9999
vt 9.998e-005 0.9999
vn -0.707107 -7.41629e-008 0.707107
vn -0.707107 -7.41629e-008 0.707107
vn -0.707107 -7.41629e-008 0.707107
vtan 0.707107 -3.48509e-007 0.707107
vbi 1.48594e-007 -1 6.02218e-008
vtan 0.707107 -3.97784e-007 0.707107
vbi 1.73359e-007 -1 6.8477e-008
vtan 0.707107 -3.97784e-007 0.707107
vbi 1.73359e-007 -1 6.8477e-008
f 64/64/64/64/64 65/65/65/65/65 66/66/66/66/66
v -0.111395 -0.00183736 -0.111395
v 0.111395 -0.00183736 0.111395
v 0.111395 0.0733737 0.111395
vt 9.998e-005 9.998e-005
vt 0.9999 9.998e-005
vt 0.9999 0.20006
vn -0.707107 -3.9139e-008 0.707107
vn -0.707107 -3.9139e-008 0.707107
vn -0.707107 -3.9139e-008 0.707107
vtan 0.707107 -7.25688e-008 0.707107
vbi 9.90623e-008 -1 4.37114e-008
vtan 0.707107 -1.2691e-008 0.707107
vbi 4.95312e-008 -1 -5.81976e-009
vtan 0.707107 -6.96773e-008 0.707107
vbi 6.60416e-008 -1 4.37114e-008
f 67/67/67/67/67 68/68/68/68/68 69/69/69/69/69
v -0.111395 -0.00183736 -0.111395
v 0.111395 0.0733737 0.111395
v -0.111395 0.0733737 -0.111395
vt 9.998e-005 9.998e-005
vt 0.9999 0.20006
vt 9.998e-005 0.20006
vn -0.707107 -3.9139e-008 0.707107
vn -0.707107 -3.9139e-008 0.707107
vn -0.707107 -3.9139e-008 0.707107
vtan 0.707107 -7.25688e-008 0.707107
vbi 9.90623e-008 -1 4.37114e-008
vtan 0.707107 -6.96773e-008 0.707107
vbi 6.60416e-008 -1 4.37114e-008
vtan 0.707107 -6.76414e-008 0.707107
vbi 6.60416e-008 -1 4.37114e-008
f 70/70/70/70/70 71/71/71/71/71 72/72/72/72/72
v -0.111395 0.0733737 -0.111395
v 0.111395 0.0733737 0.111395
v 0.111395 0.148585 0.111395
vt 9.998e-005 0.20006
vt 0.9999 0.20006
vt 0.9999 0.40002
vn -0.707107 3.09086e-008 0.707107
vn -0.707107 3.09086e-008 0.707107
vn -0.707107 3.09086e-008 0.707107
vtan 0.707107 -6.76414e-008 0.707107
vbi 6.60416e-008 -1 4.37114e-008
vtan 0.707107 -6.96773e-008 0.707107
vbi 6.60416e-008 -1 4.37114e-008
vtan 0.707107 -5.98936e-008 0.707107
vbi 2.47656e-008 -1 1.89458e-008
f 73/73/73/73/73 74/74/74/74/74 75/75/75/75/75
v -0.111395 0.0733737 -0.111395
v 0.111395 0.148585 0.111395
v -0.111395 0.148585 -0.111395
vt 9.998e-005 0.20006
vt 0.9999 0.40002
vt 9.998e-005 0.40002
vn -0.707107 3.09086e-008 0.707107
vn -0.707107 3.09086e-008 0.707107
vn -0.707107 3.09086e-008 0.707107
vtan 0.707107 -6.76414e-008 0.707107
vbi 6.60416e-008 -1 4.37114e-008
vtan 0.707107 -5.98936e-008 0.707107
vbi 2.47656e-008 -1 1.89458e-008
vtan 0.707107 -9.72063e-008 0.707107
vbi 8.2552e-009 -1 2.43542e-009
f 76/76/76/76/76 77/77/77/77/77 78/78/78/78/78
v -0.111395 0.148585 -0.111395
v 0.111395 0.148585 0.111395
v 0.111395 0.223796 0.111395
vt 9.998e-005 0.40002
vt 0.9999 0.40002
vt 0.9999 0.59998
vn -0.707107 -7.41629e-008 0.707107
vn -0.707107 -7.41629e-008 0.707107
vn -0.707107 -7.41629e-008 0.707107
vtan 0.707107 -9.72063e-008 0.707107
vbi 8.2552e-009 -1 2.43542e-009
vtan 0.707107 -5.98936e-008 0.707107
vbi 2.47656e-008 -1 1.89458e-008
vtan 0.707107 -1.78217e-007 0.707107
vbi 3.30208e-008 -1 -5.53509e-008
f 79/79/79/79/79 80/80/80/80/80 81/81/81/81/81
v -0.111395 0.148585 -0.111395
v 0.111395 0.223796 0.111395
v -0.111395 0.223796 -0.111395
vt 9.998e-005 0.40002
vt 0.9999 0.59998
vt 9.998e-005 0.59998
vn -0.707107 -7.41629e-008 0.707107
vn -0.707107 -7.41629e-008 0.707107
vn -0.707107 -7.41629e-008 0.707107
vtan 0.707107 -9.72063e-008 0.707107
vbi 8.2552e-009 -1 2.43542e-009
vtan 0.707107 -1.78217e-007 0.707107
vbi 3.30208e-008 -1 -5.53509e-008
vtan 0.707107 -2.00684e-007 0.707107
vbi 4.95312e-008 -1 -3.88405e-008
f 82/82/82/82/82 83/83/83/83/83 84/84/84/84/84
v -0.111395 0.223796 -0.111395
v 0.111395 0.223796 0.111395
v 0.111395 0.299007 0.111395
vt 9.998e-005 0.59998
vt 0.9999 0.59998
vt 0.9999 0.79994
vn -0.707107 -3.9139e-008 0.707107
vn -0.707107 -3.9139e-008 0.707107
vn -0.707107 -3.9139e-008 0.707107
vtan 0.707107 -2.00684e-007 0.707107
vbi 4.95312e-008 -1 -3.88405e-008
vtan 0.707107 -1.78217e-007 0.707107
vbi 3.30208e-008 -1 -5.53509e-008
vtan 0.707107 -2.52462e-007 0.707107
vbi 8.25519e-008 -1 -5.81978e-009
f 85/85/85/85/85 86/86/86/86/86 87/87/87/87/87
v -0.111395 0.223796 -0.111395
v 0.111395 0.299007 0.111395
v -0.111395 0.299007 -0.111395
vt 9.998e-005 0.59998
vt 0.9999 0.79994
vt 9.998e-005 0.79994
vn -0.707107 -3.9139e-008 0.707107
vn -0.707107 -3.9139e-008 0.707107
vn -0.707107 -3.9139e-008 0.707107
vtan 0.707107 -2.00684e-007 0.707107
vbi 4.95312e-008 -1 -3.88405e-008
vtan 0.707107 -2.52462e-007 0.707107
vbi 8.25519e-008 -1 -5.81978e-009
vtan 0.707107 -3.48509e-007 0.707107
vbi 1.48594e-007 -1 6.02218e-008
f 88/88/88/88/88 89/89/89/89/89 90/90/90/90/90
v 0.111395 0.299007 0.111395
v -0.111395 0.299007 -0.111395
v -0.111395 0.374218 -0.111395
vt 9.998e-005 0.79994
vt 0.9999 0.79994
vt 0.9999 0.9999
vn 0.707107 -1.3598e-007 -0.707107
vn 0.707107 -1.3598e-007 -0.707107
vn 0.707107 -1.3598e-007 -0.707107
vtan -0.707107 -4.10326e-007 -0.707107
vbi 8.25519e-009 -1 1.67539e-007
vtan -0.707107 -3.14279e-007 -0.707107
vbi 1.40378e-007 -1 2.99662e-007
vtan -0.707107 -4.59601e-007 -0.707106
vbi 2.47656e-008 -1 2.17071e-007
f 91/91/91/91/91 92/92/92/92/92 93/93/93/93/93
v 0.111395 0.299007 0.111395
v -0.111395 0.374218 -0.111395
v 0.111395 0.374218 0.111395
vt 9.998e-005 0.79994
vt 0.9999 0.9999
vt 9.998e-005 0.9999
vn 0.707107 -1.3598e-007 -0.707107
vn 0.707107 -1.3598e-007 -0.707107
vn 0.707107 -1.3598e-007 -0.707107
vtan -0.707107 -4.10326e-007 -0.707107
vbi 8.25519e-009 -1 1.67539e-007
vtan -0.707107 -4.59601e-007 -0.707106
vbi 2.47656e-008 -1 2.17071e-007
vtan -0.707107 -4.59601e-007 -0.707106
vbi 2.47656e-008 -1 2.17071e-007
f 94/94/94/94/94 95/95/95/95/95 96/96/96/96/96
v 0.111395 -0.00183736 0.111395
v -0.111395 -0.00183736 -0.111395
v -0.111395 0.0733737 -0.111395
vt 9.998e-005 9.998e-005
vt 0.9999 9.998e-005
vt 0.9999 0.20006
vn 0.707107 -1.00956e-007 -0.707107
vn 0.707107 -1.00956e-007 -0.707107
vn 0.707107 -1.00956e-007 -0.707107
vtan -0.707107 -9.00386e-008 -0.707107
vbi -4.176e-015 -1 1.42774e-007
vtan -0.707107 1.2691e-008 -0.707107
vbi 4.9551e-008 -1 1.92325e-007
vtan -0.707107 -8.61647e-008 -0.707107
vbi -2.784e-015 -1 1.09753e-007
f 97/97/97/97/97 98/98/98/98/98 99/99/99/99/99
v 0.111395 -0.00183736 0.111395
v -0.111395 0.0733737 -0.111395
v 0.111395 0.0733737 0.111395
vt 9.998e-005 9.998e-005
vt 0.9999 0.20006
vt 9.998e-005 0.20006
vn 0.707107 -1.00956e-007 -0.707107
vn 0.707107 -1.00956e-007 -0.707107
vn 0.707107 -1.00956e-007 -0.707107
vtan -0.707107 -9.00386e-008 -0.707107
vbi -4.176e-015 -1 1.42774e-007
vtan -0.707107 -8.61647e-008 -0.707107
vbi -2.784e-015 -1 1.09753e-007
vtan -0.707107 -1.34386e-007 -0.707107
vbi -2.784e-015 -1 1.09753e-007
f 100/100/100/100/100 101/101/101/101/101 102/102/102/102/102
v 0.111395 0.0733737 0.111395
v -0.111395 0.0733737 -0.111395
v -0.111395 0.148585 -0.111395
vt 9.998e-005 0.20006
vt 0.9999 0.20006
vt 0.9999 0.40002
vn 0.707107 -3.09086e-008 -0.707107
vn 0.707107 -3.09086e-008 -0.707107
vn 0.707107 -3.09086e-008 -0.707107
vtan -0.707107 -1.34386e-007 -0.707107
vbi -2.784e-015 -1 1.09753e-007
vtan -0.707107 -8.61647e-008 -0.707107
vbi -2.784e-015 -1 1.09753e-007
vtan -0.707107 -2.22225e-007 -0.707106
vbi -4.95378e-008 -1 2.71944e-008
f 103/103/103/103/103 104/104/104/104/104 105/105/105/105/105
v 0.111395 0.0733737 0.111395
v -0.111395 0.148585 -0.111395
v 0.111395 0.148585 0.111395
vt 9.998e-005 0.20006
vt 0.9999 0.40002
vt 9.998e-005 0.40002
vn 0.707107 -3.09086e-008 -0.707107
vn 0.707107 -3.09086e-008 -0.707107
vn 0.707107 -3.09086e-008 -0.707107
vtan -0.707107 -1.34386e-007 -0.707107
vbi -2.784e-015 -1 1.09753e-007
vtan -0.707107 -2.22225e-007 -0.707106
vbi -4.95378e-008 -1 2.71944e-008
vtan -0.707107 -2.28009e-007 -0.707106
vbi -3.30208e-008 -1 4.37114e-008
f 106/106/106/106/106 107/107/107/107/107 108/108/108/108/108
v 0.111395 0.148585 0.111395
v -0.111395 0.148585 -0.111395
v -0.111395 0.223796 -0.111395
vt 9.998e-005 0.40002
vt 0.9999 0.40002
vt 0.9999 0.59998
vn 0.707106 -1.00956e-007 -0.707107
vn 0.707106 -1.00956e-007 -0.707107
vn 0.707106 -1.00956e-007 -0.707107
vtan -0.707107 -2.28009e-007 -0.707106
vbi -3.30208e-008 -1 4.37114e-008
vtan -0.707107 -2.22225e-007 -0.707106
vbi -4.95378e-008 -1 2.71944e-008
vtan -0.707107 -2.40034e-007 -0.707107
vbi -1.07324e-007 -1 1.89392e-008
f 109/109/109/109/109 110/110/110/110/110 111/111/111/111/111
v 0.111395 0.148585 0.111395
v -0.111395 0.223796 -0.111395
v 0.111395 0.223796 0.111395
vt 9.998e-005 0.40002
vt 0.9999 0.59998
vt 9.998e-005 0.59998
vn 0.707106 -1.00956e-007 -0.707107
vn 0.707106 -1.00956e-007 -0.707107
vn 0.707106 -1.00956e-007 -0.707107
vtan -0.707107 -2.28009e-007 -0.707106
vbi -3.30208e-008 -1 4.37114e-008
vtan -0.707107 -2.40034e-007 -0.707107
vbi -1.07324e-007 -1 1.89392e-008
vtan -0.707107 -2.62501e-007 -0.707107
vbi -7.42967e-008 -1 5.19666e-008
f 112/112/112/112/112 113/113/113/113/113 114/114/114/114/114
v 0.111395 0.223796 0.111395
v -0.111395 0.223796 -0.111395
v -0.111395 0.299007 -0.111395
vt 9.998e-005 0.59998
vt 0.9999 0.59998
vt 0.9999 0.79994
vn 0.707107 -6.59324e-008 -0.707107
vn 0.707107 -6.59324e-008 -0.707107
vn 0.707107 -6.59324e-008 -0.707107
vtan -0.707107 -2.62501e-007 -0.707107
vbi -7.42967e-008 -1 5.19666e-008
vtan -0.707107 -2.40034e-007 -0.707107
vbi -1.07324e-007 -1 1.89392e-008
vtan -0.707107 -3.14279e-007 -0.707107
vbi 1.40378e-007 -1 2.99662e-007
f 115/115/115/115/115 116/116/116/116/116 117/117/117/117/117
v 0.111395 0.223796 0.111395
v -0.111395 0.299007 -0.111395
v 0.111395 0.299007 0.111395
vt 9.998e-005 0.59998
vt 0.9999 0.79994
vt 9.998e-005 0.79994
vn 0.707107 -6.59324e-008 -0.707107
vn 0.707107 -6.59324e-008 -0.707107
vn 0.707107 -6.59324e-008 -0.707107
vtan -0.707107 -2.62501e-007 -0.707107
vbi -7.42967e-008 -1 5.19666e-008
vtan -0.707107 -3.14279e-007 -0.707107
vbi 1.40378e-007 -1 2.99662e-007
vtan -0.707107 -4.10326e-007 -0.707107
vbi 8.25519e-009 -1 1.67539e-007
f 118/118/118/118/118 119/119/119/119/119 120/120/120/120/120
v -0.157536 0.299007 -1.86737e-008
v 0.157536 0.299007 3.74097e-009
v 0.157536 0.374218 6.05706e-009
vt 9.998e-005 0.79994
vt 0.9999 0.79994
vt 0.9999 0.9999
vn -7.11414e-008 -3.07944e-008 1
vn -7.11414e-008 -3.07944e-008 1
vn -7.11414e-008 -3.07944e-008 1
vtan 1 -3.79417e-007 7.11414e-008
vbi -1.40048e-022 -1 -3.07944e-008
vtan 1 -2.83371e-007 7.11414e-008
vbi -1.26043e-021 -1 -3.07944e-008
vtan 1 -4.28693e-007 7.11414e-008
vbi 0 -1 -3.07944e-008
f 121/121/121/121/121 122/122/122/122/122 123/123/123/123/123
v -0.157536 0.299007 -1.86737e-008
v 0.157536 0.374218 6.05706e-009
v -0.157536 0.374218 -1.63576e-008
vt 9.998e-005 0.79994
vt 0.9999 0.9999
vt 9.998e-005 0.9999
vn -7.11414e-008 -3.07944e-008 1
vn -7.11414e-008 -3.07944e-008 1
vn -7.11414e-008 -3.07944e-008 1
vtan 1 -3.79417e-007 7.11414e-008
vbi -1.40048e-022 -1 -3.07944e-008
vtan 1 -4.28693e-007 7.11414e-008
vbi 0 -1 -3.07944e-008
vtan 1 -4.28693e-007 7.11414e-008
vbi 0 -1 -3.07944e-008
f 124/124/124/124/124 125/125/125/125/125 126/126/126/126/126
v -0.157536 -0.00183736 -2.23343e-008
v 0.157536 -0.00183737 8.03138e-011
v 0.157536 0.0733737 2.39639e-009
vt 9.998e-005 9.998e-005
vt 0.9999 9.998e-005
vt 0.9999 0.20006
vn -7.11414e-008 -3.07944e-008 1
vn -7.11414e-008 -3.07944e-008 1
vn -7.11414e-008 -3.07944e-008 1
vtan 1 -1.03477e-007 7.11414e-008
vbi -4.20144e-022 -1 -3.07944e-008
vtan 1 -3.14065e-008 7.11414e-008
vbi -1.68057e-021 -1 -3.07944e-008
vtan 1 -1.00586e-007 7.11414e-008
vbi -1.40048e-022 -1 -3.07944e-008
f 127/127/127/127/127 128/128/128/128/128 129/129/129/129/129
v -0.157536 -0.00183736 -2.23343e-008
v 0.157536 0.0733737 2.39639e-009
v -0.157536 0.0733737 -2.00182e-008
vt 9.998e-005 9.998e-005
vt 0.9999 0.20006
vt 9.998e-005 0.20006
vn -7.11414e-008 -3.07944e-008 1
vn -7.11414e-008 -3.07944e-008 1
vn -7.11414e-008 -3.07944e-008 1
vtan 1 -1.03477e-007 7.11414e-008
vbi -4.20144e-022 -1 -3.07944e-008
vtan 1 -1.00586e-007 7.11414e-008
vbi -1.40048e-022 -1 -3.07944e-008
vtan 1 -9.855e-008 7.11414e-008
vbi -4.20144e-022 -1 -3.07944e-008
f 130/130/130/130/130 131/131/131/131/131 132/132/132/132/132
v -0.157536 0.0733737 -2.00182e-008
v 0.157536 0.0733737 2.39639e-009
v 0.157536 0.148585 4.71247e-009
vt 9.998e-005 0.20006
vt 0.9999 0.20006
vt 0.9999 0.40002
vn -7.11414e-008 -3.07944e-008 1
vn -7.11414e-008 -3.07944e-008 1
vn -7.11414e-008 -3.07944e-008 1
vtan 1 -9.855e-008 7.11414e-008
vbi -4.20144e-022 -1 -3.07944e-008
vtan 1 -1.00586e-007 7.11414e-008
vbi -1.40048e-022 -1 -3.07944e-008
vtan 1 -9.08022e-008 7.11414e-008
vbi -2.80096e-022 -1 -5.95914e-009
f 133/133/133/133/133 134/134/134/134/134 135/135/135/135/135
v -0.157536 0.0733737 -2.00182e-008
v 0.157536 0.148585 4.71247e-009
v -0.157536 0.148585 -1.77022e-008
vt 9.998e-005 0.20006
vt 0.9999 0.40002
vt 9.998e-005 0.40002
vn -7.11414e-008 -3.07944e-008 1
vn -7.11414e-008 -3.07944e-008 1
vn -7.11414e-008 -3.07944e-008 1
vtan 1 -9.855e-008 7.11414e-008
vbi -4.20144e-022 -1 -3.07944e-008
vtan 1 -9.08022e-008 7.11414e-008
vbi -2.80096e-022 -1 -5.95914e-009
vtan 1 -1.28115e-007 7.11414e-008
vbi -2.80096e-022 -1 -5.95914e-009
f 136/136/136/136/136 137/137/137/137/137 138/138/138/138/138
v -0.157536 0.148585 -1.77022e-008
v 0.157536 0.148585 4.71247e-009
v 0.157536 0.223796 1.4249e-009
vt 9.998e-005 0.40002
vt 0.9999 0.40002
vt 0.9999 0.59998
vn -7.11414e-008 4.37114e-008 1
vn -7.11414e-008 4.37114e-008 1
vn -7.11414e-008 4.37114e-008 1
vtan 1 -1.28115e-007 7.11414e-008
vbi -2.80096e-022 -1 -5.95914e-009
vtan 1 -9.08022e-008 7.11414e-008
vbi -2.80096e-022 -1 -5.95914e-009
vtan 1 -2.09126e-007 7.11414e-008
vbi -1.40048e-022 -1 1.88761e-008
f 139/139/139/139/139 140/140/140/140/140 141/141/141/141/141
v -0.157536 0.148585 -1.77022e-008
v 0.157536 0.223796 1.4249e-009
v -0.157536 0.223796 -2.09897e-008
vt 9.998e-005 0.40002
vt 0.9999 0.59998
vt 9.998e-005 0.59998
vn -7.11414e-008 4.37114e-008 1
vn -7.11414e-008 4.37114e-008 1
vn -7.11414e-008 4.37114e-008 1
vtan 1 -1.28115e-007 7.11414e-008
vbi -2.80096e-022 -1 -5.95914e-009
vtan 1 -2.09126e-007 7.11414e-008
vbi -1.40048e-022 -1 1.88761e-008
vtan 1 -2.31592e-007 7.11414e-008
vbi -1.40048e-022 -1 1.88761e-008
f 142/142/142/142/142 143/143/143/143/143 144/144/144/144/144
v -0.157536 0.223796 -2.09897e-008
v 0.157536 0.223796 1.4249e-009
v 0.157536 0.299007 3.74097e-009
vt 9.998e-005 0.59998
vt 0.9999 0.59998
vt 0.9999 0.79994
vn -7.11414e-008 -3.07944e-008 1
vn -7.11414e-008 -3.07944e-008 1
vn -7.11414e-008 -3.07944e-008 1
vtan 1 -2.31592e-007 7.11414e-008
vbi -1.40048e-022 -1 1.88761e-008
vtan 1 -2.09126e-007 7.11414e-008
vbi -1.40048e-022 -1 1.88761e-008
vtan 1 -2.83371e-007 7.11414e-008
vbi -1.26043e-021 -1 -3.07944e-008
f 145/145/145/145/145 146/146/146/146/146 147/147/147/147/147
v -0.157536 0.223796 -2.09897e-008
v 0.157536 0.299007 3.74097e-009
v -0.157536 0.299007 -1.86737e-008
vt 9.998e-005 0.59998
vt 0.9999 0.79994
vt 9.998e-005 0.79994
vn -7.11414e-008 -3.07944e-008 1
vn -7.11414e-008 -3.07944e-008 1
vn -7.11414e-008 -3.07944e-008 1
vtan 1 -2.31592e-007 7.11414e-008
vbi -1.40048e-022 -1 1.88761e-008
vtan 1 -2.83371e-007 7.11414e-008
vbi -1.26043e-021 -1 -3.07944e-008
vtan 1 -3.79417e-007 7.11414e-008
vbi -1.40048e-022 -1 -3.07944e-008
f 148/148/148/148/148 149/149/149/149/149 150/150/150/150/150
v 0.157536 0.299007 -5.78993e-008
v -0.157536 0.299007 2.61556e-008
v -0.157536 0.374218 1.72644e-008
vt 9.998e-005 0.79994
vt 0.9999 0.79994
vt 0.9999 0.9999
vn -2.57888e-007 -8.09643e-008 -1
vn -2.57888e-007 -8.09643e-008 -1
vn -2.57888e-007 -8.09643e-008 -1
vtan -1 -3.79417e-007 2.60852e-007
vbi 6.60415e-008 -1 9.33819e-008
vtan -1 -2.83371e-007 2.60852e-007
vbi 6.60415e-008 -1 9.33819e-008
vtan -1 -4.28693e-007 2.57888e-007
vbi 9.60706e-015 -1 8.09643e-008
f 151/151/151/151/151 152/152/152/152/152 153/153/153/153/153
v 0.157536 0.299007 -5.78993e-008
v -0.157536 0.374218 1.72644e-008
v 0.157536 0.374218 -6.11869e-008
vt 9.998e-005 0.79994
vt 0.9999 0.9999
vt 9.998e-005 0.9999
vn -2.57888e-007 -8.09643e-008 -1
vn -2.57888e-007 -8.09643e-008 -1
vn -2.57888e-007 -8.09643e-008 -1
vtan -1 -3.79417e-007 2.60852e-007
vbi 6.60415e-008 -1 9.33819e-008
vtan -1 -4.28693e-007 2.57888e-007
vbi 9.60706e-015 -1 8.09643e-008
vtan -1 -4.28693e-007 2.57888e-007
vbi 9.60706e-015 -1 8.09643e-008
f 154/154/154/154/154 155/155/155/155/155 156/156/156/156/156
v 0.157536 -0.00183737 -3.35416e-008
v -0.157536 -0.00183736 4.49096e-008
v -0.157536 0.0733737 4.1622e-008
vt 9.998e-005 9.998e-005
vt 0.9999 9.998e-005
vt 0.9999 0.20006
vn -2.48995e-007 -4.37114e-008 -1
vn -2.48995e-007 -4.37114e-008 -1
vn -2.48995e-007 -4.37114e-008 -1
vtan -1 -5.913e-008 2.48995e-007
vbi 0 -1 4.37114e-008
vtan -1 3.14065e-008 2.48995e-007
vbi 0 -1 4.37114e-008
vtan -1 -5.52561e-008 2.51959e-007
vbi 1.3211e-007 -1 5.6129e-008
f 157/157/157/157/157 158/158/158/158/158 159/159/159/159/159
v 0.157536 -0.00183737 -3.35416e-008
v -0.157536 0.0733737 4.1622e-008
v 0.157536 0.0733737 -3.68292e-008
vt 9.998e-005 9.998e-005
vt 0.9999 0.20006
vt 9.998e-005 0.20006
vn -2.48995e-007 -4.37114e-008 -1
vn -2.48995e-007 -4.37114e-008 -1
vn -2.48995e-007 -4.37114e-008 -1
vtan -1 -5.913e-008 2.48995e-007
vbi 0 -1 4.37114e-008
vtan -1 -5.52561e-008 2.51959e-007
vbi 1.3211e-007 -1 5.6129e-008
vtan -1 -1.03477e-007 2.51959e-007
vbi -3.20235e-015 -1 5.6129e-008
f 160/160/160/160/160 161/161/161/161/161 162/162/162/162/162
v 0.157536 0.0733737 -3.68292e-008
v -0.157536 0.0733737 4.1622e-008
v -0.157536 0.148585 3.83344e-008
vt 9.998e-005 0.20006
vt 0.9999 0.20006
vt 0.9999 0.40002
vn -2.57888e-007 -8.09643e-008 -1
vn -2.57888e-007 -8.09643e-008 -1
vn -2.57888e-007 -8.09643e-008 -1
vtan -1 -1.03477e-007 2.51959e-007
vbi -3.20235e-015 -1 5.6129e-008
vtan -1 -5.52561e-008 2.51959e-007
vbi 1.3211e-007 -1 5.6129e-008
vtan -1 -1.91317e-007 2.60852e-007
vbi -1.3211e-007 -1 6.85467e-008
f 163/163/163/163/163 164/164/164/164/164 165/165/165/165/165
v 0.157536 0.0733737 -3.68292e-008
v -0.157536 0.148585 3.83344e-008
v 0.157536 0.148585 -4.57205e-008
vt 9.998e-005 0.20006
vt 0.9999 0.40002
vt 9.998e-005 0.40002
vn -2.57888e-007 -8.09643e-008 -1
vn -2.57888e-007 -8.09643e-008 -1
vn -2.57888e-007 -8.09643e-008 -1
vtan -1 -1.03477e-007 2.51959e-007
vbi -3.20235e-015 -1 5.6129e-008
vtan -1 -1.91317e-007 2.60852e-007
vbi -1.3211e-007 -1 6.85467e-008
vtan -1 -1.971e-007 2.60852e-007
vbi -6.60416e-008 -1 6.85467e-008
f 166/166/166/166/166 167/167/167/167/167 168/168/168/168/168
v 0.157536 0.148585 -4.57205e-008
v -0.157536 0.148585 3.83344e-008
v -0.157536 0.223796 3.50469e-008
vt 9.998e-005 0.40002
vt 0.9999 0.40002
vt 0.9999 0.59998
vn -2.6678e-007 -4.37113e-008 -1
vn -2.6678e-007 -4.37113e-008 -1
vn -2.6678e-007 -4.37113e-008 -1
vtan -1 -1.971e-007 2.60852e-007
vbi -6.60416e-008 -1 6.85467e-008
vtan -1 -1.91317e-007 2.60852e-007
vbi -1.3211e-007 -1 6.85467e-008
vtan -1 -2.09126e-007 2.6678e-007
vbi -1.32083e-007 -1 6.85467e-008
f 169/169/169/169/169 170/170/170/170/170 171/171/171/171/171
v 0.157536 0.148585 -4.57205e-008
v -0.157536 0.223796 3.50469e-008
v 0.157536 0.223796 -4.9008e-008
vt 9.998e-005 0.40002
vt 0.9999 0.59998
vt 9.998e-005 0.59998
vn -2.6678e-007 -4.37113e-008 -1
vn -2.6678e-007 -4.37113e-008 -1
vn -2.6678e-007 -4.37113e-008 -1
vtan -1 -1.971e-007 2.60852e-007
vbi -6.60416e-008 -1 6.85467e-008
vtan -1 -2.09126e-007 2.6678e-007
vbi -1.32083e-007 -1 6.85467e-008
vtan -1 -2.31592e-007 2.6678e-007
vbi -6.60416e-008 -1 6.85466e-008
f 172/172/172/172/172 173/173/173/173/173 174/174/174/174/174
v 0.157536 0.223796 -4.9008e-008
v -0.157536 0.223796 3.50469e-008
v -0.157536 0.299007 2.61556e-008
vt 9.998e-005 0.59998
vt 0.9999 0.59998
vt 0.9999 0.79994
vn -2.6678e-007 -1.18217e-007 -1
vn -2.6678e-007 -1.18217e-007 -1
vn -2.6678e-007 -1.18217e-007 -1
vtan -1 -2.31592e-007 2.6678e-007
vbi -6.60416e-008 -1 6.85466e-008
vtan -1 -2.09126e-007 2.6678e-007
vbi -1.32083e-007 -1 6.85467e-008
vtan -1 -2.83371e-007 2.60852e-007
vbi 6.60415e-008 -1 9.33819e-008
f 175/175/175/175/175 176/176/176/176/176 177/177/177/177/177
v 0.157536 0.223796 -4.9008e-008
v -0.157536 0.299007 2.61556e-008
v 0.157536 0.299007 -5.78993e-008
vt 9.998e-005 0.59998
vt 0.9999 0.79994
vt 9.998e-005 0.79994
vn -2.6678e-007 -1.18217e-007 -1
vn -2.6678e-007 -1.18217e-007 -1
vn -2.6678e-007 -1.18217e-007 -1
vtan -1 -2.31592e-007 2.6678e-007
vbi -6.60416e-008 -1 6.85466e-008
vtan -1 -2.83371e-007 2.60852e-007
vbi 6.60415e-008 -1 9.33819e-008
vtan -1 -3.79417e-007 2.60852e-007
vbi 6.60415e-008 -1 9.33819e-008
f 178/178/178/178/178 179/179/179/179/179 180/180/180/180/180
